0 0 0.000000e+00 0.000000e+00 1.000000e+00 0.000000e+00 0.000000e+00 
0 1 0.000000e+00 0.000000e+00 1.000000e+00 0.000000e+00 0.000000e+00 
0 2 0.000000e+00 0.000000e+00 1.000000e+00 0.000000e+00 0.000000e+00 
0 3 0.000000e+00 0.000000e+00 1.000000e+00 0.000000e+00 0.000000e+00 
0 4 0.000000e+00 0.000000e+00 1.000000e+00 0.000000e+00 0.000000e+00 
0 5 0.000000e+00 0.000000e+00 1.000000e+00 0.000000e+00 0.000000e+00 
0 6 0.000000e+00 0.000000e+00 1.000000e+00 0.000000e+00 0.000000e+00 
0 7 0.000000e+00 0.000000e+00 1.000000e+00 0.000000e+00 0.000000e+00 
0 8 0.000000e+00 0.000000e+00 1.000000e+00 0.000000e+00 0.000000e+00 
0 9 0.000000e+00 0.000000e+00 1.000000e+00 0.000000e+00 0.000000e+00 
0 10 0.000000e+00 0.000000e+00 1.000000e+00 0.000000e+00 0.000000e+00 
0 11 0.000000e+00 0.000000e+00 1.000000e+00 0.000000e+00 0.000000e+00 
0 12 0.000000e+00 0.000000e+00 1.000000e+00 0.000000e+00 0.000000e+00 
0 13 0.000000e+00 0.000000e+00 1.000000e+00 0.000000e+00 0.000000e+00 
0 14 0.000000e+00 0.000000e+00 1.000000e+00 0.000000e+00 0.000000e+00 
0 15 0.000000e+00 0.000000e+00 1.000000e+00 0.000000e+00 0.000000e+00 
0 16 0.000000e+00 0.000000e+00 1.000000e+00 0.000000e+00 0.000000e+00 
0 17 0.000000e+00 0.000000e+00 1.000000e+00 0.000000e+00 0.000000e+00 
0 18 0.000000e+00 0.000000e+00 1.000000e+00 0.000000e+00 0.000000e+00 
0 19 0.000000e+00 0.000000e+00 1.000000e+00 0.000000e+00 0.000000e+00 
0 20 0.000000e+00 0.000000e+00 1.000000e+00 0.000000e+00 0.000000e+00 
0 21 0.000000e+00 0.000000e+00 1.000000e+00 0.000000e+00 0.000000e+00 
0 22 0.000000e+00 0.000000e+00 1.000000e+00 0.000000e+00 0.000000e+00 
0 23 0.000000e+00 0.000000e+00 1.000000e+00 0.000000e+00 0.000000e+00 
0 24 0.000000e+00 0.000000e+00 1.000000e+00 0.000000e+00 0.000000e+00 
0 25 0.000000e+00 0.000000e+00 1.000000e+00 0.000000e+00 0.000000e+00 
0 26 0.000000e+00 0.000000e+00 1.000000e+00 0.000000e+00 0.000000e+00 
0 27 0.000000e+00 0.000000e+00 1.000000e+00 0.000000e+00 0.000000e+00 
0 28 0.000000e+00 0.000000e+00 1.000000e+00 0.000000e+00 0.000000e+00 
0 29 0.000000e+00 0.000000e+00 1.000000e+00 0.000000e+00 0.000000e+00 
0 30 0.000000e+00 0.000000e+00 1.000000e+00 0.000000e+00 0.000000e+00 
0 31 0.000000e+00 0.000000e+00 1.000000e+00 0.000000e+00 0.000000e+00 
0 32 0.000000e+00 0.000000e+00 1.000000e+00 0.000000e+00 0.000000e+00 

1 0 0.000000e+00 0.000000e+00 1.000000e+00 0.000000e+00 0.000000e+00 
1 1 1.024000e+03 1.024000e+03 -4.096000e+03 1.024000e+03 1.024000e+03 
1 2 1.024000e+03 1.024000e+03 -4.096000e+03 1.024000e+03 1.024000e+03 
1 3 1.024000e+03 1.024000e+03 -4.096000e+03 1.024000e+03 1.024000e+03 
1 4 1.024000e+03 1.024000e+03 -4.096000e+03 1.024000e+03 1.024000e+03 
1 5 1.024000e+03 1.024000e+03 -4.096000e+03 1.024000e+03 1.024000e+03 
1 6 1.024000e+03 1.024000e+03 -4.096000e+03 1.024000e+03 1.024000e+03 
1 7 1.024000e+03 1.024000e+03 -4.096000e+03 1.024000e+03 1.024000e+03 
1 8 1.024000e+03 1.024000e+03 -4.096000e+03 1.024000e+03 1.024000e+03 
1 9 1.024000e+03 1.024000e+03 -4.096000e+03 1.024000e+03 1.024000e+03 
1 10 1.024000e+03 1.024000e+03 -4.096000e+03 1.024000e+03 1.024000e+03 
1 11 1.024000e+03 1.024000e+03 -4.096000e+03 1.024000e+03 1.024000e+03 
1 12 1.024000e+03 1.024000e+03 -4.096000e+03 1.024000e+03 1.024000e+03 
1 13 1.024000e+03 1.024000e+03 -4.096000e+03 1.024000e+03 1.024000e+03 
1 14 1.024000e+03 1.024000e+03 -4.096000e+03 1.024000e+03 1.024000e+03 
1 15 1.024000e+03 1.024000e+03 -4.096000e+03 1.024000e+03 1.024000e+03 
1 16 1.024000e+03 1.024000e+03 -4.096000e+03 1.024000e+03 1.024000e+03 
1 17 1.024000e+03 1.024000e+03 -4.096000e+03 1.024000e+03 1.024000e+03 
1 18 1.024000e+03 1.024000e+03 -4.096000e+03 1.024000e+03 1.024000e+03 
1 19 1.024000e+03 1.024000e+03 -4.096000e+03 1.024000e+03 1.024000e+03 
1 20 1.024000e+03 1.024000e+03 -4.096000e+03 1.024000e+03 1.024000e+03 
1 21 1.024000e+03 1.024000e+03 -4.096000e+03 1.024000e+03 1.024000e+03 
1 22 1.024000e+03 1.024000e+03 -4.096000e+03 1.024000e+03 1.024000e+03 
1 23 1.024000e+03 1.024000e+03 -4.096000e+03 1.024000e+03 1.024000e+03 
1 24 1.024000e+03 1.024000e+03 -4.096000e+03 1.024000e+03 1.024000e+03 
1 25 1.024000e+03 1.024000e+03 -4.096000e+03 1.024000e+03 1.024000e+03 
1 26 1.024000e+03 1.024000e+03 -4.096000e+03 1.024000e+03 1.024000e+03 
1 27 1.024000e+03 1.024000e+03 -4.096000e+03 1.024000e+03 1.024000e+03 
1 28 1.024000e+03 1.024000e+03 -4.096000e+03 1.024000e+03 1.024000e+03 
1 29 1.024000e+03 1.024000e+03 -4.096000e+03 1.024000e+03 1.024000e+03 
1 30 1.024000e+03 1.024000e+03 -4.096000e+03 1.024000e+03 1.024000e+03 
1 31 1.024000e+03 1.024000e+03 -4.096000e+03 1.024000e+03 1.024000e+03 
1 32 0.000000e+00 0.000000e+00 1.000000e+00 0.000000e+00 0.000000e+00 

2 0 0.000000e+00 0.000000e+00 1.000000e+00 0.000000e+00 0.000000e+00 
2 1 1.024000e+03 1.024000e+03 -4.096000e+03 1.024000e+03 1.024000e+03 
2 2 1.024000e+03 1.024000e+03 -4.096000e+03 1.024000e+03 1.024000e+03 
2 3 1.024000e+03 1.024000e+03 -4.096000e+03 1.024000e+03 1.024000e+03 
2 4 1.024000e+03 1.024000e+03 -4.096000e+03 1.024000e+03 1.024000e+03 
2 5 1.024000e+03 1.024000e+03 -4.096000e+03 1.024000e+03 1.024000e+03 
2 6 1.024000e+03 1.024000e+03 -4.096000e+03 1.024000e+03 1.024000e+03 
2 7 1.024000e+03 1.024000e+03 -4.096000e+03 1.024000e+03 1.024000e+03 
2 8 1.024000e+03 1.024000e+03 -4.096000e+03 1.024000e+03 1.024000e+03 
2 9 1.024000e+03 1.024000e+03 -4.096000e+03 1.024000e+03 1.024000e+03 
2 10 1.024000e+03 1.024000e+03 -4.096000e+03 1.024000e+03 1.024000e+03 
2 11 1.024000e+03 1.024000e+03 -4.096000e+03 1.024000e+03 1.024000e+03 
2 12 1.024000e+03 1.024000e+03 -4.096000e+03 1.024000e+03 1.024000e+03 
2 13 1.024000e+03 1.024000e+03 -4.096000e+03 1.024000e+03 1.024000e+03 
2 14 1.024000e+03 1.024000e+03 -4.096000e+03 1.024000e+03 1.024000e+03 
2 15 1.024000e+03 1.024000e+03 -4.096000e+03 1.024000e+03 1.024000e+03 
2 16 1.024000e+03 1.024000e+03 -4.096000e+03 1.024000e+03 1.024000e+03 
2 17 1.024000e+03 1.024000e+03 -4.096000e+03 1.024000e+03 1.024000e+03 
2 18 1.024000e+03 1.024000e+03 -4.096000e+03 1.024000e+03 1.024000e+03 
2 19 1.024000e+03 1.024000e+03 -4.096000e+03 1.024000e+03 1.024000e+03 
2 20 1.024000e+03 1.024000e+03 -4.096000e+03 1.024000e+03 1.024000e+03 
2 21 1.024000e+03 1.024000e+03 -4.096000e+03 1.024000e+03 1.024000e+03 
2 22 1.024000e+03 1.024000e+03 -4.096000e+03 1.024000e+03 1.024000e+03 
2 23 1.024000e+03 1.024000e+03 -4.096000e+03 1.024000e+03 1.024000e+03 
2 24 1.024000e+03 1.024000e+03 -4.096000e+03 1.024000e+03 1.024000e+03 
2 25 1.024000e+03 1.024000e+03 -4.096000e+03 1.024000e+03 1.024000e+03 
2 26 1.024000e+03 1.024000e+03 -4.096000e+03 1.024000e+03 1.024000e+03 
2 27 1.024000e+03 1.024000e+03 -4.096000e+03 1.024000e+03 1.024000e+03 
2 28 1.024000e+03 1.024000e+03 -4.096000e+03 1.024000e+03 1.024000e+03 
2 29 1.024000e+03 1.024000e+03 -4.096000e+03 1.024000e+03 1.024000e+03 
2 30 1.024000e+03 1.024000e+03 -4.096000e+03 1.024000e+03 1.024000e+03 
2 31 1.024000e+03 1.024000e+03 -4.096000e+03 1.024000e+03 1.024000e+03 
2 32 0.000000e+00 0.000000e+00 1.000000e+00 0.000000e+00 0.000000e+00 

3 0 0.000000e+00 0.000000e+00 1.000000e+00 0.000000e+00 0.000000e+00 
3 1 1.024000e+03 1.024000e+03 -4.096000e+03 1.024000e+03 1.024000e+03 
3 2 1.024000e+03 1.024000e+03 -4.096000e+03 1.024000e+03 1.024000e+03 
3 3 1.024000e+03 1.024000e+03 -4.096000e+03 1.024000e+03 1.024000e+03 
3 4 1.024000e+03 1.024000e+03 -4.096000e+03 1.024000e+03 1.024000e+03 
3 5 1.024000e+03 1.024000e+03 -4.096000e+03 1.024000e+03 1.024000e+03 
3 6 1.024000e+03 1.024000e+03 -4.096000e+03 1.024000e+03 1.024000e+03 
3 7 1.024000e+03 1.024000e+03 -4.096000e+03 1.024000e+03 1.024000e+03 
3 8 1.024000e+03 1.024000e+03 -4.096000e+03 1.024000e+03 1.024000e+03 
3 9 1.024000e+03 1.024000e+03 -4.096000e+03 1.024000e+03 1.024000e+03 
3 10 1.024000e+03 1.024000e+03 -4.096000e+03 1.024000e+03 1.024000e+03 
3 11 1.024000e+03 1.024000e+03 -4.096000e+03 1.024000e+03 1.024000e+03 
3 12 1.024000e+03 1.024000e+03 -4.096000e+03 1.024000e+03 1.024000e+03 
3 13 1.024000e+03 1.024000e+03 -4.096000e+03 1.024000e+03 1.024000e+03 
3 14 1.024000e+03 1.024000e+03 -4.096000e+03 1.024000e+03 1.024000e+03 
3 15 1.024000e+03 1.024000e+03 -4.096000e+03 1.024000e+03 1.024000e+03 
3 16 1.024000e+03 1.024000e+03 -4.096000e+03 1.024000e+03 1.024000e+03 
3 17 1.024000e+03 1.024000e+03 -4.096000e+03 1.024000e+03 1.024000e+03 
3 18 1.024000e+03 1.024000e+03 -4.096000e+03 1.024000e+03 1.024000e+03 
3 19 1.024000e+03 1.024000e+03 -4.096000e+03 1.024000e+03 1.024000e+03 
3 20 1.024000e+03 1.024000e+03 -4.096000e+03 1.024000e+03 1.024000e+03 
3 21 1.024000e+03 1.024000e+03 -4.096000e+03 1.024000e+03 1.024000e+03 
3 22 1.024000e+03 1.024000e+03 -4.096000e+03 1.024000e+03 1.024000e+03 
3 23 1.024000e+03 1.024000e+03 -4.096000e+03 1.024000e+03 1.024000e+03 
3 24 1.024000e+03 1.024000e+03 -4.096000e+03 1.024000e+03 1.024000e+03 
3 25 1.024000e+03 1.024000e+03 -4.096000e+03 1.024000e+03 1.024000e+03 
3 26 1.024000e+03 1.024000e+03 -4.096000e+03 1.024000e+03 1.024000e+03 
3 27 1.024000e+03 1.024000e+03 -4.096000e+03 1.024000e+03 1.024000e+03 
3 28 1.024000e+03 1.024000e+03 -4.096000e+03 1.024000e+03 1.024000e+03 
3 29 1.024000e+03 1.024000e+03 -4.096000e+03 1.024000e+03 1.024000e+03 
3 30 1.024000e+03 1.024000e+03 -4.096000e+03 1.024000e+03 1.024000e+03 
3 31 1.024000e+03 1.024000e+03 -4.096000e+03 1.024000e+03 1.024000e+03 
3 32 0.000000e+00 0.000000e+00 1.000000e+00 0.000000e+00 0.000000e+00 

4 0 0.000000e+00 0.000000e+00 1.000000e+00 0.000000e+00 0.000000e+00 
4 1 1.024000e+03 1.024000e+03 -4.096000e+03 1.024000e+03 1.024000e+03 
4 2 1.024000e+03 1.024000e+03 -4.096000e+03 1.024000e+03 1.024000e+03 
4 3 1.024000e+03 1.024000e+03 -4.096000e+03 1.024000e+03 1.024000e+03 
4 4 1.024000e+03 1.024000e+03 -4.096000e+03 1.024000e+03 1.024000e+03 
4 5 1.024000e+03 1.024000e+03 -4.096000e+03 1.024000e+03 1.024000e+03 
4 6 1.024000e+03 1.024000e+03 -4.096000e+03 1.024000e+03 1.024000e+03 
4 7 1.024000e+03 1.024000e+03 -4.096000e+03 1.024000e+03 1.024000e+03 
4 8 1.024000e+03 1.024000e+03 -4.096000e+03 1.024000e+03 1.024000e+03 
4 9 1.024000e+03 1.024000e+03 -4.096000e+03 1.024000e+03 1.024000e+03 
4 10 1.024000e+03 1.024000e+03 -4.096000e+03 1.024000e+03 1.024000e+03 
4 11 1.024000e+03 1.024000e+03 -4.096000e+03 1.024000e+03 1.024000e+03 
4 12 1.024000e+03 1.024000e+03 -4.096000e+03 1.024000e+03 1.024000e+03 
4 13 1.024000e+03 1.024000e+03 -4.096000e+03 1.024000e+03 1.024000e+03 
4 14 1.024000e+03 1.024000e+03 -4.096000e+03 1.024000e+03 1.024000e+03 
4 15 1.024000e+03 1.024000e+03 -4.096000e+03 1.024000e+03 1.024000e+03 
4 16 1.024000e+03 1.024000e+03 -4.096000e+03 1.024000e+03 1.024000e+03 
4 17 1.024000e+03 1.024000e+03 -4.096000e+03 1.024000e+03 1.024000e+03 
4 18 1.024000e+03 1.024000e+03 -4.096000e+03 1.024000e+03 1.024000e+03 
4 19 1.024000e+03 1.024000e+03 -4.096000e+03 1.024000e+03 1.024000e+03 
4 20 1.024000e+03 1.024000e+03 -4.096000e+03 1.024000e+03 1.024000e+03 
4 21 1.024000e+03 1.024000e+03 -4.096000e+03 1.024000e+03 1.024000e+03 
4 22 1.024000e+03 1.024000e+03 -4.096000e+03 1.024000e+03 1.024000e+03 
4 23 1.024000e+03 1.024000e+03 -4.096000e+03 1.024000e+03 1.024000e+03 
4 24 1.024000e+03 1.024000e+03 -4.096000e+03 1.024000e+03 1.024000e+03 
4 25 1.024000e+03 1.024000e+03 -4.096000e+03 1.024000e+03 1.024000e+03 
4 26 1.024000e+03 1.024000e+03 -4.096000e+03 1.024000e+03 1.024000e+03 
4 27 1.024000e+03 1.024000e+03 -4.096000e+03 1.024000e+03 1.024000e+03 
4 28 1.024000e+03 1.024000e+03 -4.096000e+03 1.024000e+03 1.024000e+03 
4 29 1.024000e+03 1.024000e+03 -4.096000e+03 1.024000e+03 1.024000e+03 
4 30 1.024000e+03 1.024000e+03 -4.096000e+03 1.024000e+03 1.024000e+03 
4 31 1.024000e+03 1.024000e+03 -4.096000e+03 1.024000e+03 1.024000e+03 
4 32 0.000000e+00 0.000000e+00 1.000000e+00 0.000000e+00 0.000000e+00 

5 0 0.000000e+00 0.000000e+00 1.000000e+00 0.000000e+00 0.000000e+00 
5 1 1.024000e+03 1.024000e+03 -4.096000e+03 1.024000e+03 1.024000e+03 
5 2 1.024000e+03 1.024000e+03 -4.096000e+03 1.024000e+03 1.024000e+03 
5 3 1.024000e+03 1.024000e+03 -4.096000e+03 1.024000e+03 1.024000e+03 
5 4 1.024000e+03 1.024000e+03 -4.096000e+03 1.024000e+03 1.024000e+03 
5 5 1.024000e+03 1.024000e+03 -4.096000e+03 1.024000e+03 1.024000e+03 
5 6 1.024000e+03 1.024000e+03 -4.096000e+03 1.024000e+03 1.024000e+03 
5 7 1.024000e+03 1.024000e+03 -4.096000e+03 1.024000e+03 1.024000e+03 
5 8 1.024000e+03 1.024000e+03 -4.096000e+03 1.024000e+03 1.024000e+03 
5 9 1.024000e+03 1.024000e+03 -4.096000e+03 1.024000e+03 1.024000e+03 
5 10 1.024000e+03 1.024000e+03 -4.096000e+03 1.024000e+03 1.024000e+03 
5 11 1.024000e+03 1.024000e+03 -4.096000e+03 1.024000e+03 1.024000e+03 
5 12 1.024000e+03 1.024000e+03 -4.096000e+03 1.024000e+03 1.024000e+03 
5 13 1.024000e+03 1.024000e+03 -4.096000e+03 1.024000e+03 1.024000e+03 
5 14 1.024000e+03 1.024000e+03 -4.096000e+03 1.024000e+03 1.024000e+03 
5 15 1.024000e+03 1.024000e+03 -4.096000e+03 1.024000e+03 1.024000e+03 
5 16 1.024000e+03 1.024000e+03 -4.096000e+03 1.024000e+03 1.024000e+03 
5 17 1.024000e+03 1.024000e+03 -4.096000e+03 1.024000e+03 1.024000e+03 
5 18 1.024000e+03 1.024000e+03 -4.096000e+03 1.024000e+03 1.024000e+03 
5 19 1.024000e+03 1.024000e+03 -4.096000e+03 1.024000e+03 1.024000e+03 
5 20 1.024000e+03 1.024000e+03 -4.096000e+03 1.024000e+03 1.024000e+03 
5 21 1.024000e+03 1.024000e+03 -4.096000e+03 1.024000e+03 1.024000e+03 
5 22 1.024000e+03 1.024000e+03 -4.096000e+03 1.024000e+03 1.024000e+03 
5 23 1.024000e+03 1.024000e+03 -4.096000e+03 1.024000e+03 1.024000e+03 
5 24 1.024000e+03 1.024000e+03 -4.096000e+03 1.024000e+03 1.024000e+03 
5 25 1.024000e+03 1.024000e+03 -4.096000e+03 1.024000e+03 1.024000e+03 
5 26 1.024000e+03 1.024000e+03 -4.096000e+03 1.024000e+03 1.024000e+03 
5 27 1.024000e+03 1.024000e+03 -4.096000e+03 1.024000e+03 1.024000e+03 
5 28 1.024000e+03 1.024000e+03 -4.096000e+03 1.024000e+03 1.024000e+03 
5 29 1.024000e+03 1.024000e+03 -4.096000e+03 1.024000e+03 1.024000e+03 
5 30 1.024000e+03 1.024000e+03 -4.096000e+03 1.024000e+03 1.024000e+03 
5 31 1.024000e+03 1.024000e+03 -4.096000e+03 1.024000e+03 1.024000e+03 
5 32 0.000000e+00 0.000000e+00 1.000000e+00 0.000000e+00 0.000000e+00 

6 0 0.000000e+00 0.000000e+00 1.000000e+00 0.000000e+00 0.000000e+00 
6 1 1.024000e+03 1.024000e+03 -4.096000e+03 1.024000e+03 1.024000e+03 
6 2 1.024000e+03 1.024000e+03 -4.096000e+03 1.024000e+03 1.024000e+03 
6 3 1.024000e+03 1.024000e+03 -4.096000e+03 1.024000e+03 1.024000e+03 
6 4 1.024000e+03 1.024000e+03 -4.096000e+03 1.024000e+03 1.024000e+03 
6 5 1.024000e+03 1.024000e+03 -4.096000e+03 1.024000e+03 1.024000e+03 
6 6 1.024000e+03 1.024000e+03 -4.096000e+03 1.024000e+03 1.024000e+03 
6 7 1.024000e+03 1.024000e+03 -4.096000e+03 1.024000e+03 1.024000e+03 
6 8 1.024000e+03 1.024000e+03 -4.096000e+03 1.024000e+03 1.024000e+03 
6 9 1.024000e+03 1.024000e+03 -4.096000e+03 1.024000e+03 1.024000e+03 
6 10 1.024000e+03 1.024000e+03 -4.096000e+03 1.024000e+03 1.024000e+03 
6 11 1.024000e+03 1.024000e+03 -4.096000e+03 1.024000e+03 1.024000e+03 
6 12 1.024000e+03 1.024000e+03 -4.096000e+03 1.024000e+03 1.024000e+03 
6 13 1.024000e+03 1.024000e+03 -4.096000e+03 1.024000e+03 1.024000e+03 
6 14 1.024000e+03 1.024000e+03 -4.096000e+03 1.024000e+03 1.024000e+03 
6 15 1.024000e+03 1.024000e+03 -4.096000e+03 1.024000e+03 1.024000e+03 
6 16 1.024000e+03 1.024000e+03 -4.096000e+03 1.024000e+03 1.024000e+03 
6 17 1.024000e+03 1.024000e+03 -4.096000e+03 1.024000e+03 1.024000e+03 
6 18 1.024000e+03 1.024000e+03 -4.096000e+03 1.024000e+03 1.024000e+03 
6 19 1.024000e+03 1.024000e+03 -4.096000e+03 1.024000e+03 1.024000e+03 
6 20 1.024000e+03 1.024000e+03 -4.096000e+03 1.024000e+03 1.024000e+03 
6 21 1.024000e+03 1.024000e+03 -4.096000e+03 1.024000e+03 1.024000e+03 
6 22 1.024000e+03 1.024000e+03 -4.096000e+03 1.024000e+03 1.024000e+03 
6 23 1.024000e+03 1.024000e+03 -4.096000e+03 1.024000e+03 1.024000e+03 
6 24 1.024000e+03 1.024000e+03 -4.096000e+03 1.024000e+03 1.024000e+03 
6 25 1.024000e+03 1.024000e+03 -4.096000e+03 1.024000e+03 1.024000e+03 
6 26 1.024000e+03 1.024000e+03 -4.096000e+03 1.024000e+03 1.024000e+03 
6 27 1.024000e+03 1.024000e+03 -4.096000e+03 1.024000e+03 1.024000e+03 
6 28 1.024000e+03 1.024000e+03 -4.096000e+03 1.024000e+03 1.024000e+03 
6 29 1.024000e+03 1.024000e+03 -4.096000e+03 1.024000e+03 1.024000e+03 
6 30 1.024000e+03 1.024000e+03 -4.096000e+03 1.024000e+03 1.024000e+03 
6 31 1.024000e+03 1.024000e+03 -4.096000e+03 1.024000e+03 1.024000e+03 
6 32 0.000000e+00 0.000000e+00 1.000000e+00 0.000000e+00 0.000000e+00 

7 0 0.000000e+00 0.000000e+00 1.000000e+00 0.000000e+00 0.000000e+00 
7 1 1.024000e+03 1.024000e+03 -4.096000e+03 1.024000e+03 1.024000e+03 
7 2 1.024000e+03 1.024000e+03 -4.096000e+03 1.024000e+03 1.024000e+03 
7 3 1.024000e+03 1.024000e+03 -4.096000e+03 1.024000e+03 1.024000e+03 
7 4 1.024000e+03 1.024000e+03 -4.096000e+03 1.024000e+03 1.024000e+03 
7 5 1.024000e+03 1.024000e+03 -4.096000e+03 1.024000e+03 1.024000e+03 
7 6 1.024000e+03 1.024000e+03 -4.096000e+03 1.024000e+03 1.024000e+03 
7 7 1.024000e+03 1.024000e+03 -4.096000e+03 1.024000e+03 1.024000e+03 
7 8 1.024000e+03 1.024000e+03 -4.096000e+03 1.024000e+03 1.024000e+03 
7 9 1.024000e+03 1.024000e+03 -4.096000e+03 1.024000e+03 1.024000e+03 
7 10 1.024000e+03 1.024000e+03 -4.096000e+03 1.024000e+03 1.024000e+03 
7 11 1.024000e+03 1.024000e+03 -4.096000e+03 1.024000e+03 1.024000e+03 
7 12 1.024000e+03 1.024000e+03 -4.096000e+03 1.024000e+03 1.024000e+03 
7 13 1.024000e+03 1.024000e+03 -4.096000e+03 1.024000e+03 1.024000e+03 
7 14 1.024000e+03 1.024000e+03 -4.096000e+03 1.024000e+03 1.024000e+03 
7 15 1.024000e+03 1.024000e+03 -4.096000e+03 1.024000e+03 1.024000e+03 
7 16 1.024000e+03 1.024000e+03 -4.096000e+03 1.024000e+03 1.024000e+03 
7 17 1.024000e+03 1.024000e+03 -4.096000e+03 1.024000e+03 1.024000e+03 
7 18 1.024000e+03 1.024000e+03 -4.096000e+03 1.024000e+03 1.024000e+03 
7 19 1.024000e+03 1.024000e+03 -4.096000e+03 1.024000e+03 1.024000e+03 
7 20 1.024000e+03 1.024000e+03 -4.096000e+03 1.024000e+03 1.024000e+03 
7 21 1.024000e+03 1.024000e+03 -4.096000e+03 1.024000e+03 1.024000e+03 
7 22 1.024000e+03 1.024000e+03 -4.096000e+03 1.024000e+03 1.024000e+03 
7 23 1.024000e+03 1.024000e+03 -4.096000e+03 1.024000e+03 1.024000e+03 
7 24 1.024000e+03 1.024000e+03 -4.096000e+03 1.024000e+03 1.024000e+03 
7 25 1.024000e+03 1.024000e+03 -4.096000e+03 1.024000e+03 1.024000e+03 
7 26 1.024000e+03 1.024000e+03 -4.096000e+03 1.024000e+03 1.024000e+03 
7 27 1.024000e+03 1.024000e+03 -4.096000e+03 1.024000e+03 1.024000e+03 
7 28 1.024000e+03 1.024000e+03 -4.096000e+03 1.024000e+03 1.024000e+03 
7 29 1.024000e+03 1.024000e+03 -4.096000e+03 1.024000e+03 1.024000e+03 
7 30 1.024000e+03 1.024000e+03 -4.096000e+03 1.024000e+03 1.024000e+03 
7 31 1.024000e+03 1.024000e+03 -4.096000e+03 1.024000e+03 1.024000e+03 
7 32 0.000000e+00 0.000000e+00 1.000000e+00 0.000000e+00 0.000000e+00 

8 0 0.000000e+00 0.000000e+00 1.000000e+00 0.000000e+00 0.000000e+00 
8 1 1.024000e+03 1.024000e+03 -4.096000e+03 1.024000e+03 1.024000e+03 
8 2 1.024000e+03 1.024000e+03 -4.096000e+03 1.024000e+03 1.024000e+03 
8 3 1.024000e+03 1.024000e+03 -4.096000e+03 1.024000e+03 1.024000e+03 
8 4 1.024000e+03 1.024000e+03 -4.096000e+03 1.024000e+03 1.024000e+03 
8 5 1.024000e+03 1.024000e+03 -4.096000e+03 1.024000e+03 1.024000e+03 
8 6 1.024000e+03 1.024000e+03 -4.096000e+03 1.024000e+03 1.024000e+03 
8 7 1.024000e+03 1.024000e+03 -4.096000e+03 1.024000e+03 1.024000e+03 
8 8 1.024000e+03 1.024000e+03 -4.096000e+03 1.024000e+03 1.024000e+03 
8 9 1.024000e+03 1.024000e+03 -4.096000e+03 1.024000e+03 1.024000e+03 
8 10 1.024000e+03 1.024000e+03 -4.096000e+03 1.024000e+03 1.024000e+03 
8 11 1.024000e+03 1.024000e+03 -4.096000e+03 1.024000e+03 1.024000e+03 
8 12 1.024000e+03 1.024000e+03 -4.096000e+03 1.024000e+03 1.024000e+03 
8 13 1.024000e+03 1.024000e+03 -4.096000e+03 1.024000e+03 1.024000e+03 
8 14 1.024000e+03 1.024000e+03 -4.096000e+03 1.024000e+03 1.024000e+03 
8 15 1.024000e+03 1.024000e+03 -4.096000e+03 1.024000e+03 1.024000e+03 
8 16 1.024000e+03 1.024000e+03 -4.096000e+03 1.024000e+03 1.024000e+03 
8 17 1.024000e+03 1.024000e+03 -4.096000e+03 1.024000e+03 1.024000e+03 
8 18 1.024000e+03 1.024000e+03 -4.096000e+03 1.024000e+03 1.024000e+03 
8 19 1.024000e+03 1.024000e+03 -4.096000e+03 1.024000e+03 1.024000e+03 
8 20 1.024000e+03 1.024000e+03 -4.096000e+03 1.024000e+03 1.024000e+03 
8 21 1.024000e+03 1.024000e+03 -4.096000e+03 1.024000e+03 1.024000e+03 
8 22 1.024000e+03 1.024000e+03 -4.096000e+03 1.024000e+03 1.024000e+03 
8 23 1.024000e+03 1.024000e+03 -4.096000e+03 1.024000e+03 1.024000e+03 
8 24 1.024000e+03 1.024000e+03 -4.096000e+03 1.024000e+03 1.024000e+03 
8 25 1.024000e+03 1.024000e+03 -4.096000e+03 1.024000e+03 1.024000e+03 
8 26 1.024000e+03 1.024000e+03 -4.096000e+03 1.024000e+03 1.024000e+03 
8 27 1.024000e+03 1.024000e+03 -4.096000e+03 1.024000e+03 1.024000e+03 
8 28 1.024000e+03 1.024000e+03 -4.096000e+03 1.024000e+03 1.024000e+03 
8 29 1.024000e+03 1.024000e+03 -4.096000e+03 1.024000e+03 1.024000e+03 
8 30 1.024000e+03 1.024000e+03 -4.096000e+03 1.024000e+03 1.024000e+03 
8 31 1.024000e+03 1.024000e+03 -4.096000e+03 1.024000e+03 1.024000e+03 
8 32 0.000000e+00 0.000000e+00 1.000000e+00 0.000000e+00 0.000000e+00 

9 0 0.000000e+00 0.000000e+00 1.000000e+00 0.000000e+00 0.000000e+00 
9 1 1.024000e+03 1.024000e+03 -4.096000e+03 1.024000e+03 1.024000e+03 
9 2 1.024000e+03 1.024000e+03 -4.096000e+03 1.024000e+03 1.024000e+03 
9 3 1.024000e+03 1.024000e+03 -4.096000e+03 1.024000e+03 1.024000e+03 
9 4 1.024000e+03 1.024000e+03 -4.096000e+03 1.024000e+03 1.024000e+03 
9 5 1.024000e+03 1.024000e+03 -4.096000e+03 1.024000e+03 1.024000e+03 
9 6 1.024000e+03 1.024000e+03 -4.096000e+03 1.024000e+03 1.024000e+03 
9 7 1.024000e+03 1.024000e+03 -4.096000e+03 1.024000e+03 1.024000e+03 
9 8 1.024000e+03 1.024000e+03 -4.096000e+03 1.024000e+03 1.024000e+03 
9 9 1.024000e+03 1.024000e+03 -4.096000e+03 1.024000e+03 1.024000e+03 
9 10 1.024000e+03 1.024000e+03 -4.096000e+03 1.024000e+03 1.024000e+03 
9 11 1.024000e+03 1.024000e+03 -4.096000e+03 1.024000e+03 1.024000e+03 
9 12 1.024000e+03 1.024000e+03 -4.096000e+03 1.024000e+03 1.024000e+03 
9 13 1.024000e+03 1.024000e+03 -4.096000e+03 1.024000e+03 1.024000e+03 
9 14 1.024000e+03 1.024000e+03 -4.096000e+03 1.024000e+03 1.024000e+03 
9 15 1.024000e+03 1.024000e+03 -4.096000e+03 1.024000e+03 1.024000e+03 
9 16 1.024000e+03 1.024000e+03 -4.096000e+03 1.024000e+03 1.024000e+03 
9 17 1.024000e+03 1.024000e+03 -4.096000e+03 1.024000e+03 1.024000e+03 
9 18 1.024000e+03 1.024000e+03 -4.096000e+03 1.024000e+03 1.024000e+03 
9 19 1.024000e+03 1.024000e+03 -4.096000e+03 1.024000e+03 1.024000e+03 
9 20 1.024000e+03 1.024000e+03 -4.096000e+03 1.024000e+03 1.024000e+03 
9 21 1.024000e+03 1.024000e+03 -4.096000e+03 1.024000e+03 1.024000e+03 
9 22 1.024000e+03 1.024000e+03 -4.096000e+03 1.024000e+03 1.024000e+03 
9 23 1.024000e+03 1.024000e+03 -4.096000e+03 1.024000e+03 1.024000e+03 
9 24 1.024000e+03 1.024000e+03 -4.096000e+03 1.024000e+03 1.024000e+03 
9 25 1.024000e+03 1.024000e+03 -4.096000e+03 1.024000e+03 1.024000e+03 
9 26 1.024000e+03 1.024000e+03 -4.096000e+03 1.024000e+03 1.024000e+03 
9 27 1.024000e+03 1.024000e+03 -4.096000e+03 1.024000e+03 1.024000e+03 
9 28 1.024000e+03 1.024000e+03 -4.096000e+03 1.024000e+03 1.024000e+03 
9 29 1.024000e+03 1.024000e+03 -4.096000e+03 1.024000e+03 1.024000e+03 
9 30 1.024000e+03 1.024000e+03 -4.096000e+03 1.024000e+03 1.024000e+03 
9 31 1.024000e+03 1.024000e+03 -4.096000e+03 1.024000e+03 1.024000e+03 
9 32 0.000000e+00 0.000000e+00 1.000000e+00 0.000000e+00 0.000000e+00 

10 0 0.000000e+00 0.000000e+00 1.000000e+00 0.000000e+00 0.000000e+00 
10 1 1.024000e+03 1.024000e+03 -4.096000e+03 1.024000e+03 1.024000e+03 
10 2 1.024000e+03 1.024000e+03 -4.096000e+03 1.024000e+03 1.024000e+03 
10 3 1.024000e+03 1.024000e+03 -4.096000e+03 1.024000e+03 1.024000e+03 
10 4 1.024000e+03 1.024000e+03 -4.096000e+03 1.024000e+03 1.024000e+03 
10 5 1.024000e+03 1.024000e+03 -4.096000e+03 1.024000e+03 1.024000e+03 
10 6 1.024000e+03 1.024000e+03 -4.096000e+03 1.024000e+03 1.024000e+03 
10 7 1.024000e+03 1.024000e+03 -4.096000e+03 1.024000e+03 1.024000e+03 
10 8 1.024000e+03 1.024000e+03 -4.096000e+03 1.024000e+03 1.024000e+03 
10 9 1.024000e+03 1.024000e+03 -4.096000e+03 1.024000e+03 1.024000e+03 
10 10 1.024000e+03 1.024000e+03 -4.096000e+03 1.024000e+03 1.024000e+03 
10 11 1.024000e+03 1.024000e+03 -4.096000e+03 1.024000e+03 1.024000e+03 
10 12 1.024000e+03 1.024000e+03 -4.096000e+03 1.024000e+03 1.024000e+03 
10 13 1.024000e+03 1.024000e+03 -4.096000e+03 1.024000e+03 1.024000e+03 
10 14 1.024000e+03 1.024000e+03 -4.096000e+03 1.024000e+03 1.024000e+03 
10 15 1.024000e+03 1.024000e+03 -4.096000e+03 1.024000e+03 1.024000e+03 
10 16 1.024000e+03 1.024000e+03 -4.096000e+03 1.024000e+03 1.024000e+03 
10 17 1.024000e+03 1.024000e+03 -4.096000e+03 1.024000e+03 1.024000e+03 
10 18 1.024000e+03 1.024000e+03 -4.096000e+03 1.024000e+03 1.024000e+03 
10 19 1.024000e+03 1.024000e+03 -4.096000e+03 1.024000e+03 1.024000e+03 
10 20 1.024000e+03 1.024000e+03 -4.096000e+03 1.024000e+03 1.024000e+03 
10 21 1.024000e+03 1.024000e+03 -4.096000e+03 1.024000e+03 1.024000e+03 
10 22 1.024000e+03 1.024000e+03 -4.096000e+03 1.024000e+03 1.024000e+03 
10 23 1.024000e+03 1.024000e+03 -4.096000e+03 1.024000e+03 1.024000e+03 
10 24 1.024000e+03 1.024000e+03 -4.096000e+03 1.024000e+03 1.024000e+03 
10 25 1.024000e+03 1.024000e+03 -4.096000e+03 1.024000e+03 1.024000e+03 
10 26 1.024000e+03 1.024000e+03 -4.096000e+03 1.024000e+03 1.024000e+03 
10 27 1.024000e+03 1.024000e+03 -4.096000e+03 1.024000e+03 1.024000e+03 
10 28 1.024000e+03 1.024000e+03 -4.096000e+03 1.024000e+03 1.024000e+03 
10 29 1.024000e+03 1.024000e+03 -4.096000e+03 1.024000e+03 1.024000e+03 
10 30 1.024000e+03 1.024000e+03 -4.096000e+03 1.024000e+03 1.024000e+03 
10 31 1.024000e+03 1.024000e+03 -4.096000e+03 1.024000e+03 1.024000e+03 
10 32 0.000000e+00 0.000000e+00 1.000000e+00 0.000000e+00 0.000000e+00 

11 0 0.000000e+00 0.000000e+00 1.000000e+00 0.000000e+00 0.000000e+00 
11 1 1.024000e+03 1.024000e+03 -4.096000e+03 1.024000e+03 1.024000e+03 
11 2 1.024000e+03 1.024000e+03 -4.096000e+03 1.024000e+03 1.024000e+03 
11 3 1.024000e+03 1.024000e+03 -4.096000e+03 1.024000e+03 1.024000e+03 
11 4 1.024000e+03 1.024000e+03 -4.096000e+03 1.024000e+03 1.024000e+03 
11 5 1.024000e+03 1.024000e+03 -4.096000e+03 1.024000e+03 1.024000e+03 
11 6 1.024000e+03 1.024000e+03 -4.096000e+03 1.024000e+03 1.024000e+03 
11 7 1.024000e+03 1.024000e+03 -4.096000e+03 1.024000e+03 1.024000e+03 
11 8 1.024000e+03 1.024000e+03 -4.096000e+03 1.024000e+03 1.024000e+03 
11 9 1.024000e+03 1.024000e+03 -4.096000e+03 1.024000e+03 1.024000e+03 
11 10 1.024000e+03 1.024000e+03 -4.096000e+03 1.024000e+03 1.024000e+03 
11 11 1.024000e+03 1.024000e+03 -4.096000e+03 1.024000e+03 1.024000e+03 
11 12 1.024000e+03 1.024000e+03 -4.096000e+03 1.024000e+03 1.024000e+03 
11 13 1.024000e+03 1.024000e+03 -4.096000e+03 1.024000e+03 1.024000e+03 
11 14 1.024000e+03 1.024000e+03 -4.096000e+03 1.024000e+03 1.024000e+03 
11 15 1.024000e+03 1.024000e+03 -4.096000e+03 1.024000e+03 1.024000e+03 
11 16 1.024000e+03 1.024000e+03 -4.096000e+03 1.024000e+03 1.024000e+03 
11 17 1.024000e+03 1.024000e+03 -4.096000e+03 1.024000e+03 1.024000e+03 
11 18 1.024000e+03 1.024000e+03 -4.096000e+03 1.024000e+03 1.024000e+03 
11 19 1.024000e+03 1.024000e+03 -4.096000e+03 1.024000e+03 1.024000e+03 
11 20 1.024000e+03 1.024000e+03 -4.096000e+03 1.024000e+03 1.024000e+03 
11 21 1.024000e+03 1.024000e+03 -4.096000e+03 1.024000e+03 1.024000e+03 
11 22 1.024000e+03 1.024000e+03 -4.096000e+03 1.024000e+03 1.024000e+03 
11 23 1.024000e+03 1.024000e+03 -4.096000e+03 1.024000e+03 1.024000e+03 
11 24 1.024000e+03 1.024000e+03 -4.096000e+03 1.024000e+03 1.024000e+03 
11 25 1.024000e+03 1.024000e+03 -4.096000e+03 1.024000e+03 1.024000e+03 
11 26 1.024000e+03 1.024000e+03 -4.096000e+03 1.024000e+03 1.024000e+03 
11 27 1.024000e+03 1.024000e+03 -4.096000e+03 1.024000e+03 1.024000e+03 
11 28 1.024000e+03 1.024000e+03 -4.096000e+03 1.024000e+03 1.024000e+03 
11 29 1.024000e+03 1.024000e+03 -4.096000e+03 1.024000e+03 1.024000e+03 
11 30 1.024000e+03 1.024000e+03 -4.096000e+03 1.024000e+03 1.024000e+03 
11 31 1.024000e+03 1.024000e+03 -4.096000e+03 1.024000e+03 1.024000e+03 
11 32 0.000000e+00 0.000000e+00 1.000000e+00 0.000000e+00 0.000000e+00 

12 0 0.000000e+00 0.000000e+00 1.000000e+00 0.000000e+00 0.000000e+00 
12 1 1.024000e+03 1.024000e+03 -4.096000e+03 1.024000e+03 1.024000e+03 
12 2 1.024000e+03 1.024000e+03 -4.096000e+03 1.024000e+03 1.024000e+03 
12 3 1.024000e+03 1.024000e+03 -4.096000e+03 1.024000e+03 1.024000e+03 
12 4 1.024000e+03 1.024000e+03 -4.096000e+03 1.024000e+03 1.024000e+03 
12 5 1.024000e+03 1.024000e+03 -4.096000e+03 1.024000e+03 1.024000e+03 
12 6 1.024000e+03 1.024000e+03 -4.096000e+03 1.024000e+03 1.024000e+03 
12 7 1.024000e+03 1.024000e+03 -4.096000e+03 1.024000e+03 1.024000e+03 
12 8 1.024000e+03 1.024000e+03 -4.096000e+03 1.024000e+03 1.024000e+03 
12 9 1.024000e+03 1.024000e+03 -4.096000e+03 1.024000e+03 1.024000e+03 
12 10 1.024000e+03 1.024000e+03 -4.096000e+03 1.024000e+03 1.024000e+03 
12 11 1.024000e+03 1.024000e+03 -4.096000e+03 1.024000e+03 1.024000e+03 
12 12 1.024000e+03 1.024000e+03 -4.096000e+03 1.024000e+03 1.024000e+03 
12 13 1.024000e+03 1.024000e+03 -4.096000e+03 1.024000e+03 1.024000e+03 
12 14 1.024000e+03 1.024000e+03 -4.096000e+03 1.024000e+03 1.024000e+03 
12 15 1.024000e+03 1.024000e+03 -4.096000e+03 1.024000e+03 1.024000e+03 
12 16 1.024000e+03 1.024000e+03 -4.096000e+03 1.024000e+03 1.024000e+03 
12 17 1.024000e+03 1.024000e+03 -4.096000e+03 1.024000e+03 1.024000e+03 
12 18 1.024000e+03 1.024000e+03 -4.096000e+03 1.024000e+03 1.024000e+03 
12 19 1.024000e+03 1.024000e+03 -4.096000e+03 1.024000e+03 1.024000e+03 
12 20 1.024000e+03 1.024000e+03 -4.096000e+03 1.024000e+03 1.024000e+03 
12 21 1.024000e+03 1.024000e+03 -4.096000e+03 1.024000e+03 1.024000e+03 
12 22 1.024000e+03 1.024000e+03 -4.096000e+03 1.024000e+03 1.024000e+03 
12 23 1.024000e+03 1.024000e+03 -4.096000e+03 1.024000e+03 1.024000e+03 
12 24 1.024000e+03 1.024000e+03 -4.096000e+03 1.024000e+03 1.024000e+03 
12 25 1.024000e+03 1.024000e+03 -4.096000e+03 1.024000e+03 1.024000e+03 
12 26 1.024000e+03 1.024000e+03 -4.096000e+03 1.024000e+03 1.024000e+03 
12 27 1.024000e+03 1.024000e+03 -4.096000e+03 1.024000e+03 1.024000e+03 
12 28 1.024000e+03 1.024000e+03 -4.096000e+03 1.024000e+03 1.024000e+03 
12 29 1.024000e+03 1.024000e+03 -4.096000e+03 1.024000e+03 1.024000e+03 
12 30 1.024000e+03 1.024000e+03 -4.096000e+03 1.024000e+03 1.024000e+03 
12 31 1.024000e+03 1.024000e+03 -4.096000e+03 1.024000e+03 1.024000e+03 
12 32 0.000000e+00 0.000000e+00 1.000000e+00 0.000000e+00 0.000000e+00 

13 0 0.000000e+00 0.000000e+00 1.000000e+00 0.000000e+00 0.000000e+00 
13 1 1.024000e+03 1.024000e+03 -4.096000e+03 1.024000e+03 1.024000e+03 
13 2 1.024000e+03 1.024000e+03 -4.096000e+03 1.024000e+03 1.024000e+03 
13 3 1.024000e+03 1.024000e+03 -4.096000e+03 1.024000e+03 1.024000e+03 
13 4 1.024000e+03 1.024000e+03 -4.096000e+03 1.024000e+03 1.024000e+03 
13 5 1.024000e+03 1.024000e+03 -4.096000e+03 1.024000e+03 1.024000e+03 
13 6 1.024000e+03 1.024000e+03 -4.096000e+03 1.024000e+03 1.024000e+03 
13 7 1.024000e+03 1.024000e+03 -4.096000e+03 1.024000e+03 1.024000e+03 
13 8 1.024000e+03 1.024000e+03 -4.096000e+03 1.024000e+03 1.024000e+03 
13 9 1.024000e+03 1.024000e+03 -4.096000e+03 1.024000e+03 1.024000e+03 
13 10 1.024000e+03 1.024000e+03 -4.096000e+03 1.024000e+03 1.024000e+03 
13 11 1.024000e+03 1.024000e+03 -4.096000e+03 1.024000e+03 1.024000e+03 
13 12 1.024000e+03 1.024000e+03 -4.096000e+03 1.024000e+03 1.024000e+03 
13 13 1.024000e+03 1.024000e+03 -4.096000e+03 1.024000e+03 1.024000e+03 
13 14 1.024000e+03 1.024000e+03 -4.096000e+03 1.024000e+03 1.024000e+03 
13 15 1.024000e+03 1.024000e+03 -4.096000e+03 1.024000e+03 1.024000e+03 
13 16 1.024000e+03 1.024000e+03 -4.096000e+03 1.024000e+03 1.024000e+03 
13 17 1.024000e+03 1.024000e+03 -4.096000e+03 1.024000e+03 1.024000e+03 
13 18 1.024000e+03 1.024000e+03 -4.096000e+03 1.024000e+03 1.024000e+03 
13 19 1.024000e+03 1.024000e+03 -4.096000e+03 1.024000e+03 1.024000e+03 
13 20 1.024000e+03 1.024000e+03 -4.096000e+03 1.024000e+03 1.024000e+03 
13 21 1.024000e+03 1.024000e+03 -4.096000e+03 1.024000e+03 1.024000e+03 
13 22 1.024000e+03 1.024000e+03 -4.096000e+03 1.024000e+03 1.024000e+03 
13 23 1.024000e+03 1.024000e+03 -4.096000e+03 1.024000e+03 1.024000e+03 
13 24 1.024000e+03 1.024000e+03 -4.096000e+03 1.024000e+03 1.024000e+03 
13 25 1.024000e+03 1.024000e+03 -4.096000e+03 1.024000e+03 1.024000e+03 
13 26 1.024000e+03 1.024000e+03 -4.096000e+03 1.024000e+03 1.024000e+03 
13 27 1.024000e+03 1.024000e+03 -4.096000e+03 1.024000e+03 1.024000e+03 
13 28 1.024000e+03 1.024000e+03 -4.096000e+03 1.024000e+03 1.024000e+03 
13 29 1.024000e+03 1.024000e+03 -4.096000e+03 1.024000e+03 1.024000e+03 
13 30 1.024000e+03 1.024000e+03 -4.096000e+03 1.024000e+03 1.024000e+03 
13 31 1.024000e+03 1.024000e+03 -4.096000e+03 1.024000e+03 1.024000e+03 
13 32 0.000000e+00 0.000000e+00 1.000000e+00 0.000000e+00 0.000000e+00 

14 0 0.000000e+00 0.000000e+00 1.000000e+00 0.000000e+00 0.000000e+00 
14 1 1.024000e+03 1.024000e+03 -4.096000e+03 1.024000e+03 1.024000e+03 
14 2 1.024000e+03 1.024000e+03 -4.096000e+03 1.024000e+03 1.024000e+03 
14 3 1.024000e+03 1.024000e+03 -4.096000e+03 1.024000e+03 1.024000e+03 
14 4 1.024000e+03 1.024000e+03 -4.096000e+03 1.024000e+03 1.024000e+03 
14 5 1.024000e+03 1.024000e+03 -4.096000e+03 1.024000e+03 1.024000e+03 
14 6 1.024000e+03 1.024000e+03 -4.096000e+03 1.024000e+03 1.024000e+03 
14 7 1.024000e+03 1.024000e+03 -4.096000e+03 1.024000e+03 1.024000e+03 
14 8 1.024000e+03 1.024000e+03 -4.096000e+03 1.024000e+03 1.024000e+03 
14 9 1.024000e+03 1.024000e+03 -4.096000e+03 1.024000e+03 1.024000e+03 
14 10 1.024000e+03 1.024000e+03 -4.096000e+03 1.024000e+03 1.024000e+03 
14 11 1.024000e+03 1.024000e+03 -4.096000e+03 1.024000e+03 1.024000e+03 
14 12 1.024000e+03 1.024000e+03 -4.096000e+03 1.024000e+03 1.024000e+03 
14 13 1.024000e+03 1.024000e+03 -4.096000e+03 1.024000e+03 1.024000e+03 
14 14 1.024000e+03 1.024000e+03 -4.096000e+03 1.024000e+03 1.024000e+03 
14 15 1.024000e+03 1.024000e+03 -4.096000e+03 1.024000e+03 1.024000e+03 
14 16 1.024000e+03 1.024000e+03 -4.096000e+03 1.024000e+03 1.024000e+03 
14 17 1.024000e+03 1.024000e+03 -4.096000e+03 1.024000e+03 1.024000e+03 
14 18 1.024000e+03 1.024000e+03 -4.096000e+03 1.024000e+03 1.024000e+03 
14 19 1.024000e+03 1.024000e+03 -4.096000e+03 1.024000e+03 1.024000e+03 
14 20 1.024000e+03 1.024000e+03 -4.096000e+03 1.024000e+03 1.024000e+03 
14 21 1.024000e+03 1.024000e+03 -4.096000e+03 1.024000e+03 1.024000e+03 
14 22 1.024000e+03 1.024000e+03 -4.096000e+03 1.024000e+03 1.024000e+03 
14 23 1.024000e+03 1.024000e+03 -4.096000e+03 1.024000e+03 1.024000e+03 
14 24 1.024000e+03 1.024000e+03 -4.096000e+03 1.024000e+03 1.024000e+03 
14 25 1.024000e+03 1.024000e+03 -4.096000e+03 1.024000e+03 1.024000e+03 
14 26 1.024000e+03 1.024000e+03 -4.096000e+03 1.024000e+03 1.024000e+03 
14 27 1.024000e+03 1.024000e+03 -4.096000e+03 1.024000e+03 1.024000e+03 
14 28 1.024000e+03 1.024000e+03 -4.096000e+03 1.024000e+03 1.024000e+03 
14 29 1.024000e+03 1.024000e+03 -4.096000e+03 1.024000e+03 1.024000e+03 
14 30 1.024000e+03 1.024000e+03 -4.096000e+03 1.024000e+03 1.024000e+03 
14 31 1.024000e+03 1.024000e+03 -4.096000e+03 1.024000e+03 1.024000e+03 
14 32 0.000000e+00 0.000000e+00 1.000000e+00 0.000000e+00 0.000000e+00 

15 0 0.000000e+00 0.000000e+00 1.000000e+00 0.000000e+00 0.000000e+00 
15 1 1.024000e+03 1.024000e+03 -4.096000e+03 1.024000e+03 1.024000e+03 
15 2 1.024000e+03 1.024000e+03 -4.096000e+03 1.024000e+03 1.024000e+03 
15 3 1.024000e+03 1.024000e+03 -4.096000e+03 1.024000e+03 1.024000e+03 
15 4 1.024000e+03 1.024000e+03 -4.096000e+03 1.024000e+03 1.024000e+03 
15 5 1.024000e+03 1.024000e+03 -4.096000e+03 1.024000e+03 1.024000e+03 
15 6 1.024000e+03 1.024000e+03 -4.096000e+03 1.024000e+03 1.024000e+03 
15 7 1.024000e+03 1.024000e+03 -4.096000e+03 1.024000e+03 1.024000e+03 
15 8 1.024000e+03 1.024000e+03 -4.096000e+03 1.024000e+03 1.024000e+03 
15 9 1.024000e+03 1.024000e+03 -4.096000e+03 1.024000e+03 1.024000e+03 
15 10 1.024000e+03 1.024000e+03 -4.096000e+03 1.024000e+03 1.024000e+03 
15 11 1.024000e+03 1.024000e+03 -4.096000e+03 1.024000e+03 1.024000e+03 
15 12 1.024000e+03 1.024000e+03 -4.096000e+03 1.024000e+03 1.024000e+03 
15 13 1.024000e+03 1.024000e+03 -4.096000e+03 1.024000e+03 1.024000e+03 
15 14 1.024000e+03 1.024000e+03 -4.096000e+03 1.024000e+03 1.024000e+03 
15 15 1.024000e+03 1.024000e+03 -4.096000e+03 1.024000e+03 1.024000e+03 
15 16 1.024000e+03 1.024000e+03 -4.096000e+03 1.024000e+03 1.024000e+03 
15 17 1.024000e+03 1.024000e+03 -4.096000e+03 1.024000e+03 1.024000e+03 
15 18 1.024000e+03 1.024000e+03 -4.096000e+03 1.024000e+03 1.024000e+03 
15 19 1.024000e+03 1.024000e+03 -4.096000e+03 1.024000e+03 1.024000e+03 
15 20 1.024000e+03 1.024000e+03 -4.096000e+03 1.024000e+03 1.024000e+03 
15 21 1.024000e+03 1.024000e+03 -4.096000e+03 1.024000e+03 1.024000e+03 
15 22 1.024000e+03 1.024000e+03 -4.096000e+03 1.024000e+03 1.024000e+03 
15 23 1.024000e+03 1.024000e+03 -4.096000e+03 1.024000e+03 1.024000e+03 
15 24 1.024000e+03 1.024000e+03 -4.096000e+03 1.024000e+03 1.024000e+03 
15 25 1.024000e+03 1.024000e+03 -4.096000e+03 1.024000e+03 1.024000e+03 
15 26 1.024000e+03 1.024000e+03 -4.096000e+03 1.024000e+03 1.024000e+03 
15 27 1.024000e+03 1.024000e+03 -4.096000e+03 1.024000e+03 1.024000e+03 
15 28 1.024000e+03 1.024000e+03 -4.096000e+03 1.024000e+03 1.024000e+03 
15 29 1.024000e+03 1.024000e+03 -4.096000e+03 1.024000e+03 1.024000e+03 
15 30 1.024000e+03 1.024000e+03 -4.096000e+03 1.024000e+03 1.024000e+03 
15 31 1.024000e+03 1.024000e+03 -4.096000e+03 1.024000e+03 1.024000e+03 
15 32 0.000000e+00 0.000000e+00 1.000000e+00 0.000000e+00 0.000000e+00 

16 0 0.000000e+00 0.000000e+00 1.000000e+00 0.000000e+00 0.000000e+00 
16 1 1.024000e+03 1.024000e+03 -4.096000e+03 1.024000e+03 1.024000e+03 
16 2 1.024000e+03 1.024000e+03 -4.096000e+03 1.024000e+03 1.024000e+03 
16 3 1.024000e+03 1.024000e+03 -4.096000e+03 1.024000e+03 1.024000e+03 
16 4 1.024000e+03 1.024000e+03 -4.096000e+03 1.024000e+03 1.024000e+03 
16 5 1.024000e+03 1.024000e+03 -4.096000e+03 1.024000e+03 1.024000e+03 
16 6 1.024000e+03 1.024000e+03 -4.096000e+03 1.024000e+03 1.024000e+03 
16 7 1.024000e+03 1.024000e+03 -4.096000e+03 1.024000e+03 1.024000e+03 
16 8 1.024000e+03 1.024000e+03 -4.096000e+03 1.024000e+03 1.024000e+03 
16 9 1.024000e+03 1.024000e+03 -4.096000e+03 1.024000e+03 1.024000e+03 
16 10 1.024000e+03 1.024000e+03 -4.096000e+03 1.024000e+03 1.024000e+03 
16 11 1.024000e+03 1.024000e+03 -4.096000e+03 1.024000e+03 1.024000e+03 
16 12 1.024000e+03 1.024000e+03 -4.096000e+03 1.024000e+03 1.024000e+03 
16 13 1.024000e+03 1.024000e+03 -4.096000e+03 1.024000e+03 1.024000e+03 
16 14 1.024000e+03 1.024000e+03 -4.096000e+03 1.024000e+03 1.024000e+03 
16 15 1.024000e+03 1.024000e+03 -4.096000e+03 1.024000e+03 1.024000e+03 
16 16 1.024000e+03 1.024000e+03 -4.096000e+03 1.024000e+03 1.024000e+03 
16 17 1.024000e+03 1.024000e+03 -4.096000e+03 1.024000e+03 1.024000e+03 
16 18 1.024000e+03 1.024000e+03 -4.096000e+03 1.024000e+03 1.024000e+03 
16 19 1.024000e+03 1.024000e+03 -4.096000e+03 1.024000e+03 1.024000e+03 
16 20 1.024000e+03 1.024000e+03 -4.096000e+03 1.024000e+03 1.024000e+03 
16 21 1.024000e+03 1.024000e+03 -4.096000e+03 1.024000e+03 1.024000e+03 
16 22 1.024000e+03 1.024000e+03 -4.096000e+03 1.024000e+03 1.024000e+03 
16 23 1.024000e+03 1.024000e+03 -4.096000e+03 1.024000e+03 1.024000e+03 
16 24 1.024000e+03 1.024000e+03 -4.096000e+03 1.024000e+03 1.024000e+03 
16 25 1.024000e+03 1.024000e+03 -4.096000e+03 1.024000e+03 1.024000e+03 
16 26 1.024000e+03 1.024000e+03 -4.096000e+03 1.024000e+03 1.024000e+03 
16 27 1.024000e+03 1.024000e+03 -4.096000e+03 1.024000e+03 1.024000e+03 
16 28 1.024000e+03 1.024000e+03 -4.096000e+03 1.024000e+03 1.024000e+03 
16 29 1.024000e+03 1.024000e+03 -4.096000e+03 1.024000e+03 1.024000e+03 
16 30 1.024000e+03 1.024000e+03 -4.096000e+03 1.024000e+03 1.024000e+03 
16 31 1.024000e+03 1.024000e+03 -4.096000e+03 1.024000e+03 1.024000e+03 
16 32 0.000000e+00 0.000000e+00 1.000000e+00 0.000000e+00 0.000000e+00 

17 0 0.000000e+00 0.000000e+00 1.000000e+00 0.000000e+00 0.000000e+00 
17 1 1.024000e+03 1.024000e+03 -4.096000e+03 1.024000e+03 1.024000e+03 
17 2 1.024000e+03 1.024000e+03 -4.096000e+03 1.024000e+03 1.024000e+03 
17 3 1.024000e+03 1.024000e+03 -4.096000e+03 1.024000e+03 1.024000e+03 
17 4 1.024000e+03 1.024000e+03 -4.096000e+03 1.024000e+03 1.024000e+03 
17 5 1.024000e+03 1.024000e+03 -4.096000e+03 1.024000e+03 1.024000e+03 
17 6 1.024000e+03 1.024000e+03 -4.096000e+03 1.024000e+03 1.024000e+03 
17 7 1.024000e+03 1.024000e+03 -4.096000e+03 1.024000e+03 1.024000e+03 
17 8 1.024000e+03 1.024000e+03 -4.096000e+03 1.024000e+03 1.024000e+03 
17 9 1.024000e+03 1.024000e+03 -4.096000e+03 1.024000e+03 1.024000e+03 
17 10 1.024000e+03 1.024000e+03 -4.096000e+03 1.024000e+03 1.024000e+03 
17 11 1.024000e+03 1.024000e+03 -4.096000e+03 1.024000e+03 1.024000e+03 
17 12 1.024000e+03 1.024000e+03 -4.096000e+03 1.024000e+03 1.024000e+03 
17 13 1.024000e+03 1.024000e+03 -4.096000e+03 1.024000e+03 1.024000e+03 
17 14 1.024000e+03 1.024000e+03 -4.096000e+03 1.024000e+03 1.024000e+03 
17 15 1.024000e+03 1.024000e+03 -4.096000e+03 1.024000e+03 1.024000e+03 
17 16 1.024000e+03 1.024000e+03 -4.096000e+03 1.024000e+03 1.024000e+03 
17 17 1.024000e+03 1.024000e+03 -4.096000e+03 1.024000e+03 1.024000e+03 
17 18 1.024000e+03 1.024000e+03 -4.096000e+03 1.024000e+03 1.024000e+03 
17 19 1.024000e+03 1.024000e+03 -4.096000e+03 1.024000e+03 1.024000e+03 
17 20 1.024000e+03 1.024000e+03 -4.096000e+03 1.024000e+03 1.024000e+03 
17 21 1.024000e+03 1.024000e+03 -4.096000e+03 1.024000e+03 1.024000e+03 
17 22 1.024000e+03 1.024000e+03 -4.096000e+03 1.024000e+03 1.024000e+03 
17 23 1.024000e+03 1.024000e+03 -4.096000e+03 1.024000e+03 1.024000e+03 
17 24 1.024000e+03 1.024000e+03 -4.096000e+03 1.024000e+03 1.024000e+03 
17 25 1.024000e+03 1.024000e+03 -4.096000e+03 1.024000e+03 1.024000e+03 
17 26 1.024000e+03 1.024000e+03 -4.096000e+03 1.024000e+03 1.024000e+03 
17 27 1.024000e+03 1.024000e+03 -4.096000e+03 1.024000e+03 1.024000e+03 
17 28 1.024000e+03 1.024000e+03 -4.096000e+03 1.024000e+03 1.024000e+03 
17 29 1.024000e+03 1.024000e+03 -4.096000e+03 1.024000e+03 1.024000e+03 
17 30 1.024000e+03 1.024000e+03 -4.096000e+03 1.024000e+03 1.024000e+03 
17 31 1.024000e+03 1.024000e+03 -4.096000e+03 1.024000e+03 1.024000e+03 
17 32 0.000000e+00 0.000000e+00 1.000000e+00 0.000000e+00 0.000000e+00 

18 0 0.000000e+00 0.000000e+00 1.000000e+00 0.000000e+00 0.000000e+00 
18 1 1.024000e+03 1.024000e+03 -4.096000e+03 1.024000e+03 1.024000e+03 
18 2 1.024000e+03 1.024000e+03 -4.096000e+03 1.024000e+03 1.024000e+03 
18 3 1.024000e+03 1.024000e+03 -4.096000e+03 1.024000e+03 1.024000e+03 
18 4 1.024000e+03 1.024000e+03 -4.096000e+03 1.024000e+03 1.024000e+03 
18 5 1.024000e+03 1.024000e+03 -4.096000e+03 1.024000e+03 1.024000e+03 
18 6 1.024000e+03 1.024000e+03 -4.096000e+03 1.024000e+03 1.024000e+03 
18 7 1.024000e+03 1.024000e+03 -4.096000e+03 1.024000e+03 1.024000e+03 
18 8 1.024000e+03 1.024000e+03 -4.096000e+03 1.024000e+03 1.024000e+03 
18 9 1.024000e+03 1.024000e+03 -4.096000e+03 1.024000e+03 1.024000e+03 
18 10 1.024000e+03 1.024000e+03 -4.096000e+03 1.024000e+03 1.024000e+03 
18 11 1.024000e+03 1.024000e+03 -4.096000e+03 1.024000e+03 1.024000e+03 
18 12 1.024000e+03 1.024000e+03 -4.096000e+03 1.024000e+03 1.024000e+03 
18 13 1.024000e+03 1.024000e+03 -4.096000e+03 1.024000e+03 1.024000e+03 
18 14 1.024000e+03 1.024000e+03 -4.096000e+03 1.024000e+03 1.024000e+03 
18 15 1.024000e+03 1.024000e+03 -4.096000e+03 1.024000e+03 1.024000e+03 
18 16 1.024000e+03 1.024000e+03 -4.096000e+03 1.024000e+03 1.024000e+03 
18 17 1.024000e+03 1.024000e+03 -4.096000e+03 1.024000e+03 1.024000e+03 
18 18 1.024000e+03 1.024000e+03 -4.096000e+03 1.024000e+03 1.024000e+03 
18 19 1.024000e+03 1.024000e+03 -4.096000e+03 1.024000e+03 1.024000e+03 
18 20 1.024000e+03 1.024000e+03 -4.096000e+03 1.024000e+03 1.024000e+03 
18 21 1.024000e+03 1.024000e+03 -4.096000e+03 1.024000e+03 1.024000e+03 
18 22 1.024000e+03 1.024000e+03 -4.096000e+03 1.024000e+03 1.024000e+03 
18 23 1.024000e+03 1.024000e+03 -4.096000e+03 1.024000e+03 1.024000e+03 
18 24 1.024000e+03 1.024000e+03 -4.096000e+03 1.024000e+03 1.024000e+03 
18 25 1.024000e+03 1.024000e+03 -4.096000e+03 1.024000e+03 1.024000e+03 
18 26 1.024000e+03 1.024000e+03 -4.096000e+03 1.024000e+03 1.024000e+03 
18 27 1.024000e+03 1.024000e+03 -4.096000e+03 1.024000e+03 1.024000e+03 
18 28 1.024000e+03 1.024000e+03 -4.096000e+03 1.024000e+03 1.024000e+03 
18 29 1.024000e+03 1.024000e+03 -4.096000e+03 1.024000e+03 1.024000e+03 
18 30 1.024000e+03 1.024000e+03 -4.096000e+03 1.024000e+03 1.024000e+03 
18 31 1.024000e+03 1.024000e+03 -4.096000e+03 1.024000e+03 1.024000e+03 
18 32 0.000000e+00 0.000000e+00 1.000000e+00 0.000000e+00 0.000000e+00 

19 0 0.000000e+00 0.000000e+00 1.000000e+00 0.000000e+00 0.000000e+00 
19 1 1.024000e+03 1.024000e+03 -4.096000e+03 1.024000e+03 1.024000e+03 
19 2 1.024000e+03 1.024000e+03 -4.096000e+03 1.024000e+03 1.024000e+03 
19 3 1.024000e+03 1.024000e+03 -4.096000e+03 1.024000e+03 1.024000e+03 
19 4 1.024000e+03 1.024000e+03 -4.096000e+03 1.024000e+03 1.024000e+03 
19 5 1.024000e+03 1.024000e+03 -4.096000e+03 1.024000e+03 1.024000e+03 
19 6 1.024000e+03 1.024000e+03 -4.096000e+03 1.024000e+03 1.024000e+03 
19 7 1.024000e+03 1.024000e+03 -4.096000e+03 1.024000e+03 1.024000e+03 
19 8 1.024000e+03 1.024000e+03 -4.096000e+03 1.024000e+03 1.024000e+03 
19 9 1.024000e+03 1.024000e+03 -4.096000e+03 1.024000e+03 1.024000e+03 
19 10 1.024000e+03 1.024000e+03 -4.096000e+03 1.024000e+03 1.024000e+03 
19 11 1.024000e+03 1.024000e+03 -4.096000e+03 1.024000e+03 1.024000e+03 
19 12 1.024000e+03 1.024000e+03 -4.096000e+03 1.024000e+03 1.024000e+03 
19 13 1.024000e+03 1.024000e+03 -4.096000e+03 1.024000e+03 1.024000e+03 
19 14 1.024000e+03 1.024000e+03 -4.096000e+03 1.024000e+03 1.024000e+03 
19 15 1.024000e+03 1.024000e+03 -4.096000e+03 1.024000e+03 1.024000e+03 
19 16 1.024000e+03 1.024000e+03 -4.096000e+03 1.024000e+03 1.024000e+03 
19 17 1.024000e+03 1.024000e+03 -4.096000e+03 1.024000e+03 1.024000e+03 
19 18 1.024000e+03 1.024000e+03 -4.096000e+03 1.024000e+03 1.024000e+03 
19 19 1.024000e+03 1.024000e+03 -4.096000e+03 1.024000e+03 1.024000e+03 
19 20 1.024000e+03 1.024000e+03 -4.096000e+03 1.024000e+03 1.024000e+03 
19 21 1.024000e+03 1.024000e+03 -4.096000e+03 1.024000e+03 1.024000e+03 
19 22 1.024000e+03 1.024000e+03 -4.096000e+03 1.024000e+03 1.024000e+03 
19 23 1.024000e+03 1.024000e+03 -4.096000e+03 1.024000e+03 1.024000e+03 
19 24 1.024000e+03 1.024000e+03 -4.096000e+03 1.024000e+03 1.024000e+03 
19 25 1.024000e+03 1.024000e+03 -4.096000e+03 1.024000e+03 1.024000e+03 
19 26 1.024000e+03 1.024000e+03 -4.096000e+03 1.024000e+03 1.024000e+03 
19 27 1.024000e+03 1.024000e+03 -4.096000e+03 1.024000e+03 1.024000e+03 
19 28 1.024000e+03 1.024000e+03 -4.096000e+03 1.024000e+03 1.024000e+03 
19 29 1.024000e+03 1.024000e+03 -4.096000e+03 1.024000e+03 1.024000e+03 
19 30 1.024000e+03 1.024000e+03 -4.096000e+03 1.024000e+03 1.024000e+03 
19 31 1.024000e+03 1.024000e+03 -4.096000e+03 1.024000e+03 1.024000e+03 
19 32 0.000000e+00 0.000000e+00 1.000000e+00 0.000000e+00 0.000000e+00 

20 0 0.000000e+00 0.000000e+00 1.000000e+00 0.000000e+00 0.000000e+00 
20 1 1.024000e+03 1.024000e+03 -4.096000e+03 1.024000e+03 1.024000e+03 
20 2 1.024000e+03 1.024000e+03 -4.096000e+03 1.024000e+03 1.024000e+03 
20 3 1.024000e+03 1.024000e+03 -4.096000e+03 1.024000e+03 1.024000e+03 
20 4 1.024000e+03 1.024000e+03 -4.096000e+03 1.024000e+03 1.024000e+03 
20 5 1.024000e+03 1.024000e+03 -4.096000e+03 1.024000e+03 1.024000e+03 
20 6 1.024000e+03 1.024000e+03 -4.096000e+03 1.024000e+03 1.024000e+03 
20 7 1.024000e+03 1.024000e+03 -4.096000e+03 1.024000e+03 1.024000e+03 
20 8 1.024000e+03 1.024000e+03 -4.096000e+03 1.024000e+03 1.024000e+03 
20 9 1.024000e+03 1.024000e+03 -4.096000e+03 1.024000e+03 1.024000e+03 
20 10 1.024000e+03 1.024000e+03 -4.096000e+03 1.024000e+03 1.024000e+03 
20 11 1.024000e+03 1.024000e+03 -4.096000e+03 1.024000e+03 1.024000e+03 
20 12 1.024000e+03 1.024000e+03 -4.096000e+03 1.024000e+03 1.024000e+03 
20 13 1.024000e+03 1.024000e+03 -4.096000e+03 1.024000e+03 1.024000e+03 
20 14 1.024000e+03 1.024000e+03 -4.096000e+03 1.024000e+03 1.024000e+03 
20 15 1.024000e+03 1.024000e+03 -4.096000e+03 1.024000e+03 1.024000e+03 
20 16 1.024000e+03 1.024000e+03 -4.096000e+03 1.024000e+03 1.024000e+03 
20 17 1.024000e+03 1.024000e+03 -4.096000e+03 1.024000e+03 1.024000e+03 
20 18 1.024000e+03 1.024000e+03 -4.096000e+03 1.024000e+03 1.024000e+03 
20 19 1.024000e+03 1.024000e+03 -4.096000e+03 1.024000e+03 1.024000e+03 
20 20 1.024000e+03 1.024000e+03 -4.096000e+03 1.024000e+03 1.024000e+03 
20 21 1.024000e+03 1.024000e+03 -4.096000e+03 1.024000e+03 1.024000e+03 
20 22 1.024000e+03 1.024000e+03 -4.096000e+03 1.024000e+03 1.024000e+03 
20 23 1.024000e+03 1.024000e+03 -4.096000e+03 1.024000e+03 1.024000e+03 
20 24 1.024000e+03 1.024000e+03 -4.096000e+03 1.024000e+03 1.024000e+03 
20 25 1.024000e+03 1.024000e+03 -4.096000e+03 1.024000e+03 1.024000e+03 
20 26 1.024000e+03 1.024000e+03 -4.096000e+03 1.024000e+03 1.024000e+03 
20 27 1.024000e+03 1.024000e+03 -4.096000e+03 1.024000e+03 1.024000e+03 
20 28 1.024000e+03 1.024000e+03 -4.096000e+03 1.024000e+03 1.024000e+03 
20 29 1.024000e+03 1.024000e+03 -4.096000e+03 1.024000e+03 1.024000e+03 
20 30 1.024000e+03 1.024000e+03 -4.096000e+03 1.024000e+03 1.024000e+03 
20 31 1.024000e+03 1.024000e+03 -4.096000e+03 1.024000e+03 1.024000e+03 
20 32 0.000000e+00 0.000000e+00 1.000000e+00 0.000000e+00 0.000000e+00 

21 0 0.000000e+00 0.000000e+00 1.000000e+00 0.000000e+00 0.000000e+00 
21 1 1.024000e+03 1.024000e+03 -4.096000e+03 1.024000e+03 1.024000e+03 
21 2 1.024000e+03 1.024000e+03 -4.096000e+03 1.024000e+03 1.024000e+03 
21 3 1.024000e+03 1.024000e+03 -4.096000e+03 1.024000e+03 1.024000e+03 
21 4 1.024000e+03 1.024000e+03 -4.096000e+03 1.024000e+03 1.024000e+03 
21 5 1.024000e+03 1.024000e+03 -4.096000e+03 1.024000e+03 1.024000e+03 
21 6 1.024000e+03 1.024000e+03 -4.096000e+03 1.024000e+03 1.024000e+03 
21 7 1.024000e+03 1.024000e+03 -4.096000e+03 1.024000e+03 1.024000e+03 
21 8 1.024000e+03 1.024000e+03 -4.096000e+03 1.024000e+03 1.024000e+03 
21 9 1.024000e+03 1.024000e+03 -4.096000e+03 1.024000e+03 1.024000e+03 
21 10 1.024000e+03 1.024000e+03 -4.096000e+03 1.024000e+03 1.024000e+03 
21 11 1.024000e+03 1.024000e+03 -4.096000e+03 1.024000e+03 1.024000e+03 
21 12 1.024000e+03 1.024000e+03 -4.096000e+03 1.024000e+03 1.024000e+03 
21 13 1.024000e+03 1.024000e+03 -4.096000e+03 1.024000e+03 1.024000e+03 
21 14 1.024000e+03 1.024000e+03 -4.096000e+03 1.024000e+03 1.024000e+03 
21 15 1.024000e+03 1.024000e+03 -4.096000e+03 1.024000e+03 1.024000e+03 
21 16 1.024000e+03 1.024000e+03 -4.096000e+03 1.024000e+03 1.024000e+03 
21 17 1.024000e+03 1.024000e+03 -4.096000e+03 1.024000e+03 1.024000e+03 
21 18 1.024000e+03 1.024000e+03 -4.096000e+03 1.024000e+03 1.024000e+03 
21 19 1.024000e+03 1.024000e+03 -4.096000e+03 1.024000e+03 1.024000e+03 
21 20 1.024000e+03 1.024000e+03 -4.096000e+03 1.024000e+03 1.024000e+03 
21 21 1.024000e+03 1.024000e+03 -4.096000e+03 1.024000e+03 1.024000e+03 
21 22 1.024000e+03 1.024000e+03 -4.096000e+03 1.024000e+03 1.024000e+03 
21 23 1.024000e+03 1.024000e+03 -4.096000e+03 1.024000e+03 1.024000e+03 
21 24 1.024000e+03 1.024000e+03 -4.096000e+03 1.024000e+03 1.024000e+03 
21 25 1.024000e+03 1.024000e+03 -4.096000e+03 1.024000e+03 1.024000e+03 
21 26 1.024000e+03 1.024000e+03 -4.096000e+03 1.024000e+03 1.024000e+03 
21 27 1.024000e+03 1.024000e+03 -4.096000e+03 1.024000e+03 1.024000e+03 
21 28 1.024000e+03 1.024000e+03 -4.096000e+03 1.024000e+03 1.024000e+03 
21 29 1.024000e+03 1.024000e+03 -4.096000e+03 1.024000e+03 1.024000e+03 
21 30 1.024000e+03 1.024000e+03 -4.096000e+03 1.024000e+03 1.024000e+03 
21 31 1.024000e+03 1.024000e+03 -4.096000e+03 1.024000e+03 1.024000e+03 
21 32 0.000000e+00 0.000000e+00 1.000000e+00 0.000000e+00 0.000000e+00 

22 0 0.000000e+00 0.000000e+00 1.000000e+00 0.000000e+00 0.000000e+00 
22 1 1.024000e+03 1.024000e+03 -4.096000e+03 1.024000e+03 1.024000e+03 
22 2 1.024000e+03 1.024000e+03 -4.096000e+03 1.024000e+03 1.024000e+03 
22 3 1.024000e+03 1.024000e+03 -4.096000e+03 1.024000e+03 1.024000e+03 
22 4 1.024000e+03 1.024000e+03 -4.096000e+03 1.024000e+03 1.024000e+03 
22 5 1.024000e+03 1.024000e+03 -4.096000e+03 1.024000e+03 1.024000e+03 
22 6 1.024000e+03 1.024000e+03 -4.096000e+03 1.024000e+03 1.024000e+03 
22 7 1.024000e+03 1.024000e+03 -4.096000e+03 1.024000e+03 1.024000e+03 
22 8 1.024000e+03 1.024000e+03 -4.096000e+03 1.024000e+03 1.024000e+03 
22 9 1.024000e+03 1.024000e+03 -4.096000e+03 1.024000e+03 1.024000e+03 
22 10 1.024000e+03 1.024000e+03 -4.096000e+03 1.024000e+03 1.024000e+03 
22 11 1.024000e+03 1.024000e+03 -4.096000e+03 1.024000e+03 1.024000e+03 
22 12 1.024000e+03 1.024000e+03 -4.096000e+03 1.024000e+03 1.024000e+03 
22 13 1.024000e+03 1.024000e+03 -4.096000e+03 1.024000e+03 1.024000e+03 
22 14 1.024000e+03 1.024000e+03 -4.096000e+03 1.024000e+03 1.024000e+03 
22 15 1.024000e+03 1.024000e+03 -4.096000e+03 1.024000e+03 1.024000e+03 
22 16 1.024000e+03 1.024000e+03 -4.096000e+03 1.024000e+03 1.024000e+03 
22 17 1.024000e+03 1.024000e+03 -4.096000e+03 1.024000e+03 1.024000e+03 
22 18 1.024000e+03 1.024000e+03 -4.096000e+03 1.024000e+03 1.024000e+03 
22 19 1.024000e+03 1.024000e+03 -4.096000e+03 1.024000e+03 1.024000e+03 
22 20 1.024000e+03 1.024000e+03 -4.096000e+03 1.024000e+03 1.024000e+03 
22 21 1.024000e+03 1.024000e+03 -4.096000e+03 1.024000e+03 1.024000e+03 
22 22 1.024000e+03 1.024000e+03 -4.096000e+03 1.024000e+03 1.024000e+03 
22 23 1.024000e+03 1.024000e+03 -4.096000e+03 1.024000e+03 1.024000e+03 
22 24 1.024000e+03 1.024000e+03 -4.096000e+03 1.024000e+03 1.024000e+03 
22 25 1.024000e+03 1.024000e+03 -4.096000e+03 1.024000e+03 1.024000e+03 
22 26 1.024000e+03 1.024000e+03 -4.096000e+03 1.024000e+03 1.024000e+03 
22 27 1.024000e+03 1.024000e+03 -4.096000e+03 1.024000e+03 1.024000e+03 
22 28 1.024000e+03 1.024000e+03 -4.096000e+03 1.024000e+03 1.024000e+03 
22 29 1.024000e+03 1.024000e+03 -4.096000e+03 1.024000e+03 1.024000e+03 
22 30 1.024000e+03 1.024000e+03 -4.096000e+03 1.024000e+03 1.024000e+03 
22 31 1.024000e+03 1.024000e+03 -4.096000e+03 1.024000e+03 1.024000e+03 
22 32 0.000000e+00 0.000000e+00 1.000000e+00 0.000000e+00 0.000000e+00 

23 0 0.000000e+00 0.000000e+00 1.000000e+00 0.000000e+00 0.000000e+00 
23 1 1.024000e+03 1.024000e+03 -4.096000e+03 1.024000e+03 1.024000e+03 
23 2 1.024000e+03 1.024000e+03 -4.096000e+03 1.024000e+03 1.024000e+03 
23 3 1.024000e+03 1.024000e+03 -4.096000e+03 1.024000e+03 1.024000e+03 
23 4 1.024000e+03 1.024000e+03 -4.096000e+03 1.024000e+03 1.024000e+03 
23 5 1.024000e+03 1.024000e+03 -4.096000e+03 1.024000e+03 1.024000e+03 
23 6 1.024000e+03 1.024000e+03 -4.096000e+03 1.024000e+03 1.024000e+03 
23 7 1.024000e+03 1.024000e+03 -4.096000e+03 1.024000e+03 1.024000e+03 
23 8 1.024000e+03 1.024000e+03 -4.096000e+03 1.024000e+03 1.024000e+03 
23 9 1.024000e+03 1.024000e+03 -4.096000e+03 1.024000e+03 1.024000e+03 
23 10 1.024000e+03 1.024000e+03 -4.096000e+03 1.024000e+03 1.024000e+03 
23 11 1.024000e+03 1.024000e+03 -4.096000e+03 1.024000e+03 1.024000e+03 
23 12 1.024000e+03 1.024000e+03 -4.096000e+03 1.024000e+03 1.024000e+03 
23 13 1.024000e+03 1.024000e+03 -4.096000e+03 1.024000e+03 1.024000e+03 
23 14 1.024000e+03 1.024000e+03 -4.096000e+03 1.024000e+03 1.024000e+03 
23 15 1.024000e+03 1.024000e+03 -4.096000e+03 1.024000e+03 1.024000e+03 
23 16 1.024000e+03 1.024000e+03 -4.096000e+03 1.024000e+03 1.024000e+03 
23 17 1.024000e+03 1.024000e+03 -4.096000e+03 1.024000e+03 1.024000e+03 
23 18 1.024000e+03 1.024000e+03 -4.096000e+03 1.024000e+03 1.024000e+03 
23 19 1.024000e+03 1.024000e+03 -4.096000e+03 1.024000e+03 1.024000e+03 
23 20 1.024000e+03 1.024000e+03 -4.096000e+03 1.024000e+03 1.024000e+03 
23 21 1.024000e+03 1.024000e+03 -4.096000e+03 1.024000e+03 1.024000e+03 
23 22 1.024000e+03 1.024000e+03 -4.096000e+03 1.024000e+03 1.024000e+03 
23 23 1.024000e+03 1.024000e+03 -4.096000e+03 1.024000e+03 1.024000e+03 
23 24 1.024000e+03 1.024000e+03 -4.096000e+03 1.024000e+03 1.024000e+03 
23 25 1.024000e+03 1.024000e+03 -4.096000e+03 1.024000e+03 1.024000e+03 
23 26 1.024000e+03 1.024000e+03 -4.096000e+03 1.024000e+03 1.024000e+03 
23 27 1.024000e+03 1.024000e+03 -4.096000e+03 1.024000e+03 1.024000e+03 
23 28 1.024000e+03 1.024000e+03 -4.096000e+03 1.024000e+03 1.024000e+03 
23 29 1.024000e+03 1.024000e+03 -4.096000e+03 1.024000e+03 1.024000e+03 
23 30 1.024000e+03 1.024000e+03 -4.096000e+03 1.024000e+03 1.024000e+03 
23 31 1.024000e+03 1.024000e+03 -4.096000e+03 1.024000e+03 1.024000e+03 
23 32 0.000000e+00 0.000000e+00 1.000000e+00 0.000000e+00 0.000000e+00 

24 0 0.000000e+00 0.000000e+00 1.000000e+00 0.000000e+00 0.000000e+00 
24 1 1.024000e+03 1.024000e+03 -4.096000e+03 1.024000e+03 1.024000e+03 
24 2 1.024000e+03 1.024000e+03 -4.096000e+03 1.024000e+03 1.024000e+03 
24 3 1.024000e+03 1.024000e+03 -4.096000e+03 1.024000e+03 1.024000e+03 
24 4 1.024000e+03 1.024000e+03 -4.096000e+03 1.024000e+03 1.024000e+03 
24 5 1.024000e+03 1.024000e+03 -4.096000e+03 1.024000e+03 1.024000e+03 
24 6 1.024000e+03 1.024000e+03 -4.096000e+03 1.024000e+03 1.024000e+03 
24 7 1.024000e+03 1.024000e+03 -4.096000e+03 1.024000e+03 1.024000e+03 
24 8 1.024000e+03 1.024000e+03 -4.096000e+03 1.024000e+03 1.024000e+03 
24 9 1.024000e+03 1.024000e+03 -4.096000e+03 1.024000e+03 1.024000e+03 
24 10 1.024000e+03 1.024000e+03 -4.096000e+03 1.024000e+03 1.024000e+03 
24 11 1.024000e+03 1.024000e+03 -4.096000e+03 1.024000e+03 1.024000e+03 
24 12 1.024000e+03 1.024000e+03 -4.096000e+03 1.024000e+03 1.024000e+03 
24 13 1.024000e+03 1.024000e+03 -4.096000e+03 1.024000e+03 1.024000e+03 
24 14 1.024000e+03 1.024000e+03 -4.096000e+03 1.024000e+03 1.024000e+03 
24 15 1.024000e+03 1.024000e+03 -4.096000e+03 1.024000e+03 1.024000e+03 
24 16 1.024000e+03 1.024000e+03 -4.096000e+03 1.024000e+03 1.024000e+03 
24 17 1.024000e+03 1.024000e+03 -4.096000e+03 1.024000e+03 1.024000e+03 
24 18 1.024000e+03 1.024000e+03 -4.096000e+03 1.024000e+03 1.024000e+03 
24 19 1.024000e+03 1.024000e+03 -4.096000e+03 1.024000e+03 1.024000e+03 
24 20 1.024000e+03 1.024000e+03 -4.096000e+03 1.024000e+03 1.024000e+03 
24 21 1.024000e+03 1.024000e+03 -4.096000e+03 1.024000e+03 1.024000e+03 
24 22 1.024000e+03 1.024000e+03 -4.096000e+03 1.024000e+03 1.024000e+03 
24 23 1.024000e+03 1.024000e+03 -4.096000e+03 1.024000e+03 1.024000e+03 
24 24 1.024000e+03 1.024000e+03 -4.096000e+03 1.024000e+03 1.024000e+03 
24 25 1.024000e+03 1.024000e+03 -4.096000e+03 1.024000e+03 1.024000e+03 
24 26 1.024000e+03 1.024000e+03 -4.096000e+03 1.024000e+03 1.024000e+03 
24 27 1.024000e+03 1.024000e+03 -4.096000e+03 1.024000e+03 1.024000e+03 
24 28 1.024000e+03 1.024000e+03 -4.096000e+03 1.024000e+03 1.024000e+03 
24 29 1.024000e+03 1.024000e+03 -4.096000e+03 1.024000e+03 1.024000e+03 
24 30 1.024000e+03 1.024000e+03 -4.096000e+03 1.024000e+03 1.024000e+03 
24 31 1.024000e+03 1.024000e+03 -4.096000e+03 1.024000e+03 1.024000e+03 
24 32 0.000000e+00 0.000000e+00 1.000000e+00 0.000000e+00 0.000000e+00 

25 0 0.000000e+00 0.000000e+00 1.000000e+00 0.000000e+00 0.000000e+00 
25 1 1.024000e+03 1.024000e+03 -4.096000e+03 1.024000e+03 1.024000e+03 
25 2 1.024000e+03 1.024000e+03 -4.096000e+03 1.024000e+03 1.024000e+03 
25 3 1.024000e+03 1.024000e+03 -4.096000e+03 1.024000e+03 1.024000e+03 
25 4 1.024000e+03 1.024000e+03 -4.096000e+03 1.024000e+03 1.024000e+03 
25 5 1.024000e+03 1.024000e+03 -4.096000e+03 1.024000e+03 1.024000e+03 
25 6 1.024000e+03 1.024000e+03 -4.096000e+03 1.024000e+03 1.024000e+03 
25 7 1.024000e+03 1.024000e+03 -4.096000e+03 1.024000e+03 1.024000e+03 
25 8 1.024000e+03 1.024000e+03 -4.096000e+03 1.024000e+03 1.024000e+03 
25 9 1.024000e+03 1.024000e+03 -4.096000e+03 1.024000e+03 1.024000e+03 
25 10 1.024000e+03 1.024000e+03 -4.096000e+03 1.024000e+03 1.024000e+03 
25 11 1.024000e+03 1.024000e+03 -4.096000e+03 1.024000e+03 1.024000e+03 
25 12 1.024000e+03 1.024000e+03 -4.096000e+03 1.024000e+03 1.024000e+03 
25 13 1.024000e+03 1.024000e+03 -4.096000e+03 1.024000e+03 1.024000e+03 
25 14 1.024000e+03 1.024000e+03 -4.096000e+03 1.024000e+03 1.024000e+03 
25 15 1.024000e+03 1.024000e+03 -4.096000e+03 1.024000e+03 1.024000e+03 
25 16 1.024000e+03 1.024000e+03 -4.096000e+03 1.024000e+03 1.024000e+03 
25 17 1.024000e+03 1.024000e+03 -4.096000e+03 1.024000e+03 1.024000e+03 
25 18 1.024000e+03 1.024000e+03 -4.096000e+03 1.024000e+03 1.024000e+03 
25 19 1.024000e+03 1.024000e+03 -4.096000e+03 1.024000e+03 1.024000e+03 
25 20 1.024000e+03 1.024000e+03 -4.096000e+03 1.024000e+03 1.024000e+03 
25 21 1.024000e+03 1.024000e+03 -4.096000e+03 1.024000e+03 1.024000e+03 
25 22 1.024000e+03 1.024000e+03 -4.096000e+03 1.024000e+03 1.024000e+03 
25 23 1.024000e+03 1.024000e+03 -4.096000e+03 1.024000e+03 1.024000e+03 
25 24 1.024000e+03 1.024000e+03 -4.096000e+03 1.024000e+03 1.024000e+03 
25 25 1.024000e+03 1.024000e+03 -4.096000e+03 1.024000e+03 1.024000e+03 
25 26 1.024000e+03 1.024000e+03 -4.096000e+03 1.024000e+03 1.024000e+03 
25 27 1.024000e+03 1.024000e+03 -4.096000e+03 1.024000e+03 1.024000e+03 
25 28 1.024000e+03 1.024000e+03 -4.096000e+03 1.024000e+03 1.024000e+03 
25 29 1.024000e+03 1.024000e+03 -4.096000e+03 1.024000e+03 1.024000e+03 
25 30 1.024000e+03 1.024000e+03 -4.096000e+03 1.024000e+03 1.024000e+03 
25 31 1.024000e+03 1.024000e+03 -4.096000e+03 1.024000e+03 1.024000e+03 
25 32 0.000000e+00 0.000000e+00 1.000000e+00 0.000000e+00 0.000000e+00 

26 0 0.000000e+00 0.000000e+00 1.000000e+00 0.000000e+00 0.000000e+00 
26 1 1.024000e+03 1.024000e+03 -4.096000e+03 1.024000e+03 1.024000e+03 
26 2 1.024000e+03 1.024000e+03 -4.096000e+03 1.024000e+03 1.024000e+03 
26 3 1.024000e+03 1.024000e+03 -4.096000e+03 1.024000e+03 1.024000e+03 
26 4 1.024000e+03 1.024000e+03 -4.096000e+03 1.024000e+03 1.024000e+03 
26 5 1.024000e+03 1.024000e+03 -4.096000e+03 1.024000e+03 1.024000e+03 
26 6 1.024000e+03 1.024000e+03 -4.096000e+03 1.024000e+03 1.024000e+03 
26 7 1.024000e+03 1.024000e+03 -4.096000e+03 1.024000e+03 1.024000e+03 
26 8 1.024000e+03 1.024000e+03 -4.096000e+03 1.024000e+03 1.024000e+03 
26 9 1.024000e+03 1.024000e+03 -4.096000e+03 1.024000e+03 1.024000e+03 
26 10 1.024000e+03 1.024000e+03 -4.096000e+03 1.024000e+03 1.024000e+03 
26 11 1.024000e+03 1.024000e+03 -4.096000e+03 1.024000e+03 1.024000e+03 
26 12 1.024000e+03 1.024000e+03 -4.096000e+03 1.024000e+03 1.024000e+03 
26 13 1.024000e+03 1.024000e+03 -4.096000e+03 1.024000e+03 1.024000e+03 
26 14 1.024000e+03 1.024000e+03 -4.096000e+03 1.024000e+03 1.024000e+03 
26 15 1.024000e+03 1.024000e+03 -4.096000e+03 1.024000e+03 1.024000e+03 
26 16 1.024000e+03 1.024000e+03 -4.096000e+03 1.024000e+03 1.024000e+03 
26 17 1.024000e+03 1.024000e+03 -4.096000e+03 1.024000e+03 1.024000e+03 
26 18 1.024000e+03 1.024000e+03 -4.096000e+03 1.024000e+03 1.024000e+03 
26 19 1.024000e+03 1.024000e+03 -4.096000e+03 1.024000e+03 1.024000e+03 
26 20 1.024000e+03 1.024000e+03 -4.096000e+03 1.024000e+03 1.024000e+03 
26 21 1.024000e+03 1.024000e+03 -4.096000e+03 1.024000e+03 1.024000e+03 
26 22 1.024000e+03 1.024000e+03 -4.096000e+03 1.024000e+03 1.024000e+03 
26 23 1.024000e+03 1.024000e+03 -4.096000e+03 1.024000e+03 1.024000e+03 
26 24 1.024000e+03 1.024000e+03 -4.096000e+03 1.024000e+03 1.024000e+03 
26 25 1.024000e+03 1.024000e+03 -4.096000e+03 1.024000e+03 1.024000e+03 
26 26 1.024000e+03 1.024000e+03 -4.096000e+03 1.024000e+03 1.024000e+03 
26 27 1.024000e+03 1.024000e+03 -4.096000e+03 1.024000e+03 1.024000e+03 
26 28 1.024000e+03 1.024000e+03 -4.096000e+03 1.024000e+03 1.024000e+03 
26 29 1.024000e+03 1.024000e+03 -4.096000e+03 1.024000e+03 1.024000e+03 
26 30 1.024000e+03 1.024000e+03 -4.096000e+03 1.024000e+03 1.024000e+03 
26 31 1.024000e+03 1.024000e+03 -4.096000e+03 1.024000e+03 1.024000e+03 
26 32 0.000000e+00 0.000000e+00 1.000000e+00 0.000000e+00 0.000000e+00 

27 0 0.000000e+00 0.000000e+00 1.000000e+00 0.000000e+00 0.000000e+00 
27 1 1.024000e+03 1.024000e+03 -4.096000e+03 1.024000e+03 1.024000e+03 
27 2 1.024000e+03 1.024000e+03 -4.096000e+03 1.024000e+03 1.024000e+03 
27 3 1.024000e+03 1.024000e+03 -4.096000e+03 1.024000e+03 1.024000e+03 
27 4 1.024000e+03 1.024000e+03 -4.096000e+03 1.024000e+03 1.024000e+03 
27 5 1.024000e+03 1.024000e+03 -4.096000e+03 1.024000e+03 1.024000e+03 
27 6 1.024000e+03 1.024000e+03 -4.096000e+03 1.024000e+03 1.024000e+03 
27 7 1.024000e+03 1.024000e+03 -4.096000e+03 1.024000e+03 1.024000e+03 
27 8 1.024000e+03 1.024000e+03 -4.096000e+03 1.024000e+03 1.024000e+03 
27 9 1.024000e+03 1.024000e+03 -4.096000e+03 1.024000e+03 1.024000e+03 
27 10 1.024000e+03 1.024000e+03 -4.096000e+03 1.024000e+03 1.024000e+03 
27 11 1.024000e+03 1.024000e+03 -4.096000e+03 1.024000e+03 1.024000e+03 
27 12 1.024000e+03 1.024000e+03 -4.096000e+03 1.024000e+03 1.024000e+03 
27 13 1.024000e+03 1.024000e+03 -4.096000e+03 1.024000e+03 1.024000e+03 
27 14 1.024000e+03 1.024000e+03 -4.096000e+03 1.024000e+03 1.024000e+03 
27 15 1.024000e+03 1.024000e+03 -4.096000e+03 1.024000e+03 1.024000e+03 
27 16 1.024000e+03 1.024000e+03 -4.096000e+03 1.024000e+03 1.024000e+03 
27 17 1.024000e+03 1.024000e+03 -4.096000e+03 1.024000e+03 1.024000e+03 
27 18 1.024000e+03 1.024000e+03 -4.096000e+03 1.024000e+03 1.024000e+03 
27 19 1.024000e+03 1.024000e+03 -4.096000e+03 1.024000e+03 1.024000e+03 
27 20 1.024000e+03 1.024000e+03 -4.096000e+03 1.024000e+03 1.024000e+03 
27 21 1.024000e+03 1.024000e+03 -4.096000e+03 1.024000e+03 1.024000e+03 
27 22 1.024000e+03 1.024000e+03 -4.096000e+03 1.024000e+03 1.024000e+03 
27 23 1.024000e+03 1.024000e+03 -4.096000e+03 1.024000e+03 1.024000e+03 
27 24 1.024000e+03 1.024000e+03 -4.096000e+03 1.024000e+03 1.024000e+03 
27 25 1.024000e+03 1.024000e+03 -4.096000e+03 1.024000e+03 1.024000e+03 
27 26 1.024000e+03 1.024000e+03 -4.096000e+03 1.024000e+03 1.024000e+03 
27 27 1.024000e+03 1.024000e+03 -4.096000e+03 1.024000e+03 1.024000e+03 
27 28 1.024000e+03 1.024000e+03 -4.096000e+03 1.024000e+03 1.024000e+03 
27 29 1.024000e+03 1.024000e+03 -4.096000e+03 1.024000e+03 1.024000e+03 
27 30 1.024000e+03 1.024000e+03 -4.096000e+03 1.024000e+03 1.024000e+03 
27 31 1.024000e+03 1.024000e+03 -4.096000e+03 1.024000e+03 1.024000e+03 
27 32 0.000000e+00 0.000000e+00 1.000000e+00 0.000000e+00 0.000000e+00 

28 0 0.000000e+00 0.000000e+00 1.000000e+00 0.000000e+00 0.000000e+00 
28 1 1.024000e+03 1.024000e+03 -4.096000e+03 1.024000e+03 1.024000e+03 
28 2 1.024000e+03 1.024000e+03 -4.096000e+03 1.024000e+03 1.024000e+03 
28 3 1.024000e+03 1.024000e+03 -4.096000e+03 1.024000e+03 1.024000e+03 
28 4 1.024000e+03 1.024000e+03 -4.096000e+03 1.024000e+03 1.024000e+03 
28 5 1.024000e+03 1.024000e+03 -4.096000e+03 1.024000e+03 1.024000e+03 
28 6 1.024000e+03 1.024000e+03 -4.096000e+03 1.024000e+03 1.024000e+03 
28 7 1.024000e+03 1.024000e+03 -4.096000e+03 1.024000e+03 1.024000e+03 
28 8 1.024000e+03 1.024000e+03 -4.096000e+03 1.024000e+03 1.024000e+03 
28 9 1.024000e+03 1.024000e+03 -4.096000e+03 1.024000e+03 1.024000e+03 
28 10 1.024000e+03 1.024000e+03 -4.096000e+03 1.024000e+03 1.024000e+03 
28 11 1.024000e+03 1.024000e+03 -4.096000e+03 1.024000e+03 1.024000e+03 
28 12 1.024000e+03 1.024000e+03 -4.096000e+03 1.024000e+03 1.024000e+03 
28 13 1.024000e+03 1.024000e+03 -4.096000e+03 1.024000e+03 1.024000e+03 
28 14 1.024000e+03 1.024000e+03 -4.096000e+03 1.024000e+03 1.024000e+03 
28 15 1.024000e+03 1.024000e+03 -4.096000e+03 1.024000e+03 1.024000e+03 
28 16 1.024000e+03 1.024000e+03 -4.096000e+03 1.024000e+03 1.024000e+03 
28 17 1.024000e+03 1.024000e+03 -4.096000e+03 1.024000e+03 1.024000e+03 
28 18 1.024000e+03 1.024000e+03 -4.096000e+03 1.024000e+03 1.024000e+03 
28 19 1.024000e+03 1.024000e+03 -4.096000e+03 1.024000e+03 1.024000e+03 
28 20 1.024000e+03 1.024000e+03 -4.096000e+03 1.024000e+03 1.024000e+03 
28 21 1.024000e+03 1.024000e+03 -4.096000e+03 1.024000e+03 1.024000e+03 
28 22 1.024000e+03 1.024000e+03 -4.096000e+03 1.024000e+03 1.024000e+03 
28 23 1.024000e+03 1.024000e+03 -4.096000e+03 1.024000e+03 1.024000e+03 
28 24 1.024000e+03 1.024000e+03 -4.096000e+03 1.024000e+03 1.024000e+03 
28 25 1.024000e+03 1.024000e+03 -4.096000e+03 1.024000e+03 1.024000e+03 
28 26 1.024000e+03 1.024000e+03 -4.096000e+03 1.024000e+03 1.024000e+03 
28 27 1.024000e+03 1.024000e+03 -4.096000e+03 1.024000e+03 1.024000e+03 
28 28 1.024000e+03 1.024000e+03 -4.096000e+03 1.024000e+03 1.024000e+03 
28 29 1.024000e+03 1.024000e+03 -4.096000e+03 1.024000e+03 1.024000e+03 
28 30 1.024000e+03 1.024000e+03 -4.096000e+03 1.024000e+03 1.024000e+03 
28 31 1.024000e+03 1.024000e+03 -4.096000e+03 1.024000e+03 1.024000e+03 
28 32 0.000000e+00 0.000000e+00 1.000000e+00 0.000000e+00 0.000000e+00 

29 0 0.000000e+00 0.000000e+00 1.000000e+00 0.000000e+00 0.000000e+00 
29 1 1.024000e+03 1.024000e+03 -4.096000e+03 1.024000e+03 1.024000e+03 
29 2 1.024000e+03 1.024000e+03 -4.096000e+03 1.024000e+03 1.024000e+03 
29 3 1.024000e+03 1.024000e+03 -4.096000e+03 1.024000e+03 1.024000e+03 
29 4 1.024000e+03 1.024000e+03 -4.096000e+03 1.024000e+03 1.024000e+03 
29 5 1.024000e+03 1.024000e+03 -4.096000e+03 1.024000e+03 1.024000e+03 
29 6 1.024000e+03 1.024000e+03 -4.096000e+03 1.024000e+03 1.024000e+03 
29 7 1.024000e+03 1.024000e+03 -4.096000e+03 1.024000e+03 1.024000e+03 
29 8 1.024000e+03 1.024000e+03 -4.096000e+03 1.024000e+03 1.024000e+03 
29 9 1.024000e+03 1.024000e+03 -4.096000e+03 1.024000e+03 1.024000e+03 
29 10 1.024000e+03 1.024000e+03 -4.096000e+03 1.024000e+03 1.024000e+03 
29 11 1.024000e+03 1.024000e+03 -4.096000e+03 1.024000e+03 1.024000e+03 
29 12 1.024000e+03 1.024000e+03 -4.096000e+03 1.024000e+03 1.024000e+03 
29 13 1.024000e+03 1.024000e+03 -4.096000e+03 1.024000e+03 1.024000e+03 
29 14 1.024000e+03 1.024000e+03 -4.096000e+03 1.024000e+03 1.024000e+03 
29 15 1.024000e+03 1.024000e+03 -4.096000e+03 1.024000e+03 1.024000e+03 
29 16 1.024000e+03 1.024000e+03 -4.096000e+03 1.024000e+03 1.024000e+03 
29 17 1.024000e+03 1.024000e+03 -4.096000e+03 1.024000e+03 1.024000e+03 
29 18 1.024000e+03 1.024000e+03 -4.096000e+03 1.024000e+03 1.024000e+03 
29 19 1.024000e+03 1.024000e+03 -4.096000e+03 1.024000e+03 1.024000e+03 
29 20 1.024000e+03 1.024000e+03 -4.096000e+03 1.024000e+03 1.024000e+03 
29 21 1.024000e+03 1.024000e+03 -4.096000e+03 1.024000e+03 1.024000e+03 
29 22 1.024000e+03 1.024000e+03 -4.096000e+03 1.024000e+03 1.024000e+03 
29 23 1.024000e+03 1.024000e+03 -4.096000e+03 1.024000e+03 1.024000e+03 
29 24 1.024000e+03 1.024000e+03 -4.096000e+03 1.024000e+03 1.024000e+03 
29 25 1.024000e+03 1.024000e+03 -4.096000e+03 1.024000e+03 1.024000e+03 
29 26 1.024000e+03 1.024000e+03 -4.096000e+03 1.024000e+03 1.024000e+03 
29 27 1.024000e+03 1.024000e+03 -4.096000e+03 1.024000e+03 1.024000e+03 
29 28 1.024000e+03 1.024000e+03 -4.096000e+03 1.024000e+03 1.024000e+03 
29 29 1.024000e+03 1.024000e+03 -4.096000e+03 1.024000e+03 1.024000e+03 
29 30 1.024000e+03 1.024000e+03 -4.096000e+03 1.024000e+03 1.024000e+03 
29 31 1.024000e+03 1.024000e+03 -4.096000e+03 1.024000e+03 1.024000e+03 
29 32 0.000000e+00 0.000000e+00 1.000000e+00 0.000000e+00 0.000000e+00 

30 0 0.000000e+00 0.000000e+00 1.000000e+00 0.000000e+00 0.000000e+00 
30 1 1.024000e+03 1.024000e+03 -4.096000e+03 1.024000e+03 1.024000e+03 
30 2 1.024000e+03 1.024000e+03 -4.096000e+03 1.024000e+03 1.024000e+03 
30 3 1.024000e+03 1.024000e+03 -4.096000e+03 1.024000e+03 1.024000e+03 
30 4 1.024000e+03 1.024000e+03 -4.096000e+03 1.024000e+03 1.024000e+03 
30 5 1.024000e+03 1.024000e+03 -4.096000e+03 1.024000e+03 1.024000e+03 
30 6 1.024000e+03 1.024000e+03 -4.096000e+03 1.024000e+03 1.024000e+03 
30 7 1.024000e+03 1.024000e+03 -4.096000e+03 1.024000e+03 1.024000e+03 
30 8 1.024000e+03 1.024000e+03 -4.096000e+03 1.024000e+03 1.024000e+03 
30 9 1.024000e+03 1.024000e+03 -4.096000e+03 1.024000e+03 1.024000e+03 
30 10 1.024000e+03 1.024000e+03 -4.096000e+03 1.024000e+03 1.024000e+03 
30 11 1.024000e+03 1.024000e+03 -4.096000e+03 1.024000e+03 1.024000e+03 
30 12 1.024000e+03 1.024000e+03 -4.096000e+03 1.024000e+03 1.024000e+03 
30 13 1.024000e+03 1.024000e+03 -4.096000e+03 1.024000e+03 1.024000e+03 
30 14 1.024000e+03 1.024000e+03 -4.096000e+03 1.024000e+03 1.024000e+03 
30 15 1.024000e+03 1.024000e+03 -4.096000e+03 1.024000e+03 1.024000e+03 
30 16 1.024000e+03 1.024000e+03 -4.096000e+03 1.024000e+03 1.024000e+03 
30 17 1.024000e+03 1.024000e+03 -4.096000e+03 1.024000e+03 1.024000e+03 
30 18 1.024000e+03 1.024000e+03 -4.096000e+03 1.024000e+03 1.024000e+03 
30 19 1.024000e+03 1.024000e+03 -4.096000e+03 1.024000e+03 1.024000e+03 
30 20 1.024000e+03 1.024000e+03 -4.096000e+03 1.024000e+03 1.024000e+03 
30 21 1.024000e+03 1.024000e+03 -4.096000e+03 1.024000e+03 1.024000e+03 
30 22 1.024000e+03 1.024000e+03 -4.096000e+03 1.024000e+03 1.024000e+03 
30 23 1.024000e+03 1.024000e+03 -4.096000e+03 1.024000e+03 1.024000e+03 
30 24 1.024000e+03 1.024000e+03 -4.096000e+03 1.024000e+03 1.024000e+03 
30 25 1.024000e+03 1.024000e+03 -4.096000e+03 1.024000e+03 1.024000e+03 
30 26 1.024000e+03 1.024000e+03 -4.096000e+03 1.024000e+03 1.024000e+03 
30 27 1.024000e+03 1.024000e+03 -4.096000e+03 1.024000e+03 1.024000e+03 
30 28 1.024000e+03 1.024000e+03 -4.096000e+03 1.024000e+03 1.024000e+03 
30 29 1.024000e+03 1.024000e+03 -4.096000e+03 1.024000e+03 1.024000e+03 
30 30 1.024000e+03 1.024000e+03 -4.096000e+03 1.024000e+03 1.024000e+03 
30 31 1.024000e+03 1.024000e+03 -4.096000e+03 1.024000e+03 1.024000e+03 
30 32 0.000000e+00 0.000000e+00 1.000000e+00 0.000000e+00 0.000000e+00 

31 0 0.000000e+00 0.000000e+00 1.000000e+00 0.000000e+00 0.000000e+00 
31 1 1.024000e+03 1.024000e+03 -4.096000e+03 1.024000e+03 1.024000e+03 
31 2 1.024000e+03 1.024000e+03 -4.096000e+03 1.024000e+03 1.024000e+03 
31 3 1.024000e+03 1.024000e+03 -4.096000e+03 1.024000e+03 1.024000e+03 
31 4 1.024000e+03 1.024000e+03 -4.096000e+03 1.024000e+03 1.024000e+03 
31 5 1.024000e+03 1.024000e+03 -4.096000e+03 1.024000e+03 1.024000e+03 
31 6 1.024000e+03 1.024000e+03 -4.096000e+03 1.024000e+03 1.024000e+03 
31 7 1.024000e+03 1.024000e+03 -4.096000e+03 1.024000e+03 1.024000e+03 
31 8 1.024000e+03 1.024000e+03 -4.096000e+03 1.024000e+03 1.024000e+03 
31 9 1.024000e+03 1.024000e+03 -4.096000e+03 1.024000e+03 1.024000e+03 
31 10 1.024000e+03 1.024000e+03 -4.096000e+03 1.024000e+03 1.024000e+03 
31 11 1.024000e+03 1.024000e+03 -4.096000e+03 1.024000e+03 1.024000e+03 
31 12 1.024000e+03 1.024000e+03 -4.096000e+03 1.024000e+03 1.024000e+03 
31 13 1.024000e+03 1.024000e+03 -4.096000e+03 1.024000e+03 1.024000e+03 
31 14 1.024000e+03 1.024000e+03 -4.096000e+03 1.024000e+03 1.024000e+03 
31 15 1.024000e+03 1.024000e+03 -4.096000e+03 1.024000e+03 1.024000e+03 
31 16 1.024000e+03 1.024000e+03 -4.096000e+03 1.024000e+03 1.024000e+03 
31 17 1.024000e+03 1.024000e+03 -4.096000e+03 1.024000e+03 1.024000e+03 
31 18 1.024000e+03 1.024000e+03 -4.096000e+03 1.024000e+03 1.024000e+03 
31 19 1.024000e+03 1.024000e+03 -4.096000e+03 1.024000e+03 1.024000e+03 
31 20 1.024000e+03 1.024000e+03 -4.096000e+03 1.024000e+03 1.024000e+03 
31 21 1.024000e+03 1.024000e+03 -4.096000e+03 1.024000e+03 1.024000e+03 
31 22 1.024000e+03 1.024000e+03 -4.096000e+03 1.024000e+03 1.024000e+03 
31 23 1.024000e+03 1.024000e+03 -4.096000e+03 1.024000e+03 1.024000e+03 
31 24 1.024000e+03 1.024000e+03 -4.096000e+03 1.024000e+03 1.024000e+03 
31 25 1.024000e+03 1.024000e+03 -4.096000e+03 1.024000e+03 1.024000e+03 
31 26 1.024000e+03 1.024000e+03 -4.096000e+03 1.024000e+03 1.024000e+03 
31 27 1.024000e+03 1.024000e+03 -4.096000e+03 1.024000e+03 1.024000e+03 
31 28 1.024000e+03 1.024000e+03 -4.096000e+03 1.024000e+03 1.024000e+03 
31 29 1.024000e+03 1.024000e+03 -4.096000e+03 1.024000e+03 1.024000e+03 
31 30 1.024000e+03 1.024000e+03 -4.096000e+03 1.024000e+03 1.024000e+03 
31 31 1.024000e+03 1.024000e+03 -4.096000e+03 1.024000e+03 1.024000e+03 
31 32 0.000000e+00 0.000000e+00 1.000000e+00 0.000000e+00 0.000000e+00 

32 0 0.000000e+00 0.000000e+00 1.000000e+00 0.000000e+00 0.000000e+00 
32 1 0.000000e+00 0.000000e+00 1.000000e+00 0.000000e+00 0.000000e+00 
32 2 0.000000e+00 0.000000e+00 1.000000e+00 0.000000e+00 0.000000e+00 
32 3 0.000000e+00 0.000000e+00 1.000000e+00 0.000000e+00 0.000000e+00 
32 4 0.000000e+00 0.000000e+00 1.000000e+00 0.000000e+00 0.000000e+00 
32 5 0.000000e+00 0.000000e+00 1.000000e+00 0.000000e+00 0.000000e+00 
32 6 0.000000e+00 0.000000e+00 1.000000e+00 0.000000e+00 0.000000e+00 
32 7 0.000000e+00 0.000000e+00 1.000000e+00 0.000000e+00 0.000000e+00 
32 8 0.000000e+00 0.000000e+00 1.000000e+00 0.000000e+00 0.000000e+00 
32 9 0.000000e+00 0.000000e+00 1.000000e+00 0.000000e+00 0.000000e+00 
32 10 0.000000e+00 0.000000e+00 1.000000e+00 0.000000e+00 0.000000e+00 
32 11 0.000000e+00 0.000000e+00 1.000000e+00 0.000000e+00 0.000000e+00 
32 12 0.000000e+00 0.000000e+00 1.000000e+00 0.000000e+00 0.000000e+00 
32 13 0.000000e+00 0.000000e+00 1.000000e+00 0.000000e+00 0.000000e+00 
32 14 0.000000e+00 0.000000e+00 1.000000e+00 0.000000e+00 0.000000e+00 
32 15 0.000000e+00 0.000000e+00 1.000000e+00 0.000000e+00 0.000000e+00 
32 16 0.000000e+00 0.000000e+00 1.000000e+00 0.000000e+00 0.000000e+00 
32 17 0.000000e+00 0.000000e+00 1.000000e+00 0.000000e+00 0.000000e+00 
32 18 0.000000e+00 0.000000e+00 1.000000e+00 0.000000e+00 0.000000e+00 
32 19 0.000000e+00 0.000000e+00 1.000000e+00 0.000000e+00 0.000000e+00 
32 20 0.000000e+00 0.000000e+00 1.000000e+00 0.000000e+00 0.000000e+00 
32 21 0.000000e+00 0.000000e+00 1.000000e+00 0.000000e+00 0.000000e+00 
32 22 0.000000e+00 0.000000e+00 1.000000e+00 0.000000e+00 0.000000e+00 
32 23 0.000000e+00 0.000000e+00 1.000000e+00 0.000000e+00 0.000000e+00 
32 24 0.000000e+00 0.000000e+00 1.000000e+00 0.000000e+00 0.000000e+00 
32 25 0.000000e+00 0.000000e+00 1.000000e+00 0.000000e+00 0.000000e+00 
32 26 0.000000e+00 0.000000e+00 1.000000e+00 0.000000e+00 0.000000e+00 
32 27 0.000000e+00 0.000000e+00 1.000000e+00 0.000000e+00 0.000000e+00 
32 28 0.000000e+00 0.000000e+00 1.000000e+00 0.000000e+00 0.000000e+00 
32 29 0.000000e+00 0.000000e+00 1.000000e+00 0.000000e+00 0.000000e+00 
32 30 0.000000e+00 0.000000e+00 1.000000e+00 0.000000e+00 0.000000e+00 
32 31 0.000000e+00 0.000000e+00 1.000000e+00 0.000000e+00 0.000000e+00 
32 32 0.000000e+00 0.000000e+00 1.000000e+00 0.000000e+00 0.000000e+00 

