0 0 -0.000000e+00
0 1 -0.000000e+00
0 2 -0.000000e+00
0 3 -0.000000e+00
0 4 -0.000000e+00
0 5 -0.000000e+00
0 6 -0.000000e+00
0 7 -0.000000e+00
0 8 -0.000000e+00
0 9 -0.000000e+00
0 10 -0.000000e+00
0 11 -0.000000e+00
0 12 -0.000000e+00
0 13 -0.000000e+00
0 14 -0.000000e+00
0 15 -0.000000e+00
0 16 -0.000000e+00
0 17 -0.000000e+00
0 18 -0.000000e+00
0 19 -0.000000e+00
0 20 -0.000000e+00
0 21 -0.000000e+00
0 22 -0.000000e+00
0 23 -0.000000e+00
0 24 -0.000000e+00
0 25 -0.000000e+00
0 26 -0.000000e+00
0 27 -0.000000e+00
0 28 -0.000000e+00
0 29 -0.000000e+00
0 30 -0.000000e+00
0 31 -0.000000e+00
0 32 -0.000000e+00
0 33 -0.000000e+00
0 34 -0.000000e+00
0 35 -0.000000e+00
0 36 -0.000000e+00
0 37 -0.000000e+00
0 38 -0.000000e+00
0 39 -0.000000e+00
0 40 -0.000000e+00
0 41 -0.000000e+00
0 42 -0.000000e+00
0 43 -0.000000e+00
0 44 -0.000000e+00
0 45 -0.000000e+00
0 46 -0.000000e+00
0 47 -0.000000e+00
0 48 -0.000000e+00
0 49 -0.000000e+00
0 50 -0.000000e+00
0 51 -0.000000e+00
0 52 -0.000000e+00
0 53 -0.000000e+00
0 54 -0.000000e+00
0 55 -0.000000e+00
0 56 -0.000000e+00
0 57 -0.000000e+00
0 58 -0.000000e+00
0 59 -0.000000e+00
0 60 -0.000000e+00
0 61 -0.000000e+00
0 62 -0.000000e+00
0 63 -0.000000e+00
0 64 -0.000000e+00

1 0 -0.000000e+00
1 1 8.352591e+03
1 2 4.022451e+03
1 3 3.522775e+03
1 4 2.925057e+03
1 5 2.302118e+03
1 6 1.716735e+03
1 7 1.212345e+03
1 8 8.100915e+02
1 9 5.114547e+02
1 10 3.042535e+02
1 11 1.694654e+02
1 12 8.692957e+01
1 13 3.900118e+01
1 14 1.214945e+01
1 15 -2.959200e+00
1 16 -1.220111e+01
1 17 -1.898788e+01
1 18 -2.516649e+01
1 19 -3.168770e+01
1 20 -3.903685e+01
1 21 -4.748074e+01
1 22 -5.719494e+01
1 23 -6.832298e+01
1 24 -8.100119e+01
1 25 -9.536793e+01
1 26 -1.115666e+02
1 27 -1.297464e+02
1 28 -1.500625e+02
1 29 -1.726760e+02
1 30 -1.977539e+02
1 31 -2.254690e+02
1 32 -2.560000e+02
1 33 -2.895315e+02
1 34 -3.262539e+02
1 35 -3.663635e+02
1 36 -4.100625e+02
1 37 -4.575588e+02
1 38 -5.090664e+02
1 39 -5.648049e+02
1 40 -6.250000e+02
1 41 -6.898831e+02
1 42 -7.596914e+02
1 43 -8.346682e+02
1 44 -9.150625e+02
1 45 -1.001129e+03
1 46 -1.093129e+03
1 47 -1.191328e+03
1 48 -1.296000e+03
1 49 -1.407422e+03
1 50 -1.525879e+03
1 51 -1.651660e+03
1 52 -1.785062e+03
1 53 -1.926387e+03
1 54 -2.075941e+03
1 55 -2.234039e+03
1 56 -2.401000e+03
1 57 -2.577149e+03
1 58 -2.762816e+03
1 59 -2.958340e+03
1 60 -3.164062e+03
1 61 -3.380332e+03
1 62 -3.607504e+03
1 63 -7.935938e+03
1 64 -0.000000e+00

2 0 -0.000000e+00
2 1 4.022451e+03
2 2 2.622832e+02
2 3 1.973616e+02
2 4 1.252148e+02
2 5 5.791685e+01
2 6 4.316513e+00
2 7 -3.140331e+01
2 8 -4.956436e+01
2 9 -5.365670e+01
2 10 -4.855536e+01
2 11 -3.896114e+01
2 12 -2.844735e+01
2 13 -1.916183e+01
2 14 -1.200574e+01
2 15 -7.034202e+00
2 16 -3.868214e+00
2 17 -2.001819e+00
2 18 -9.768213e-01
2 19 -4.501321e-01
2 20 -1.961178e-01
2 21 -8.086513e-02
2 22 -3.157992e-02
2 23 -1.168816e-02
2 24 -4.102053e-03
2 25 -1.365760e-03
2 26 -4.315537e-04
2 27 -1.294581e-04
2 28 -3.687940e-05
2 29 -9.979525e-06
2 30 -2.565693e-06
2 31 -6.268370e-07
2 32 -1.455580e-07
2 33 -3.213052e-08
2 34 -6.743119e-09
2 35 -1.345614e-09
2 36 -2.553563e-10
2 37 -4.608763e-11
2 38 -7.911791e-12
2 39 -1.291979e-12
2 40 -2.007059e-13
2 41 -2.966337e-14
2 42 -4.171239e-15
2 43 -5.581108e-16
2 44 -7.105765e-17
2 45 -8.609120e-18
2 46 -9.926247e-19
2 47 -1.089203e-19
2 48 -1.137492e-20
2 49 -1.130628e-21
2 50 -1.069643e-22
2 51 -9.632069e-24
2 52 -8.256115e-25
2 53 -6.736274e-26
2 54 -5.231946e-27
2 55 -3.868274e-28
2 56 -2.722651e-29
2 57 -1.824303e-30
2 58 -1.163701e-31
2 59 -7.066971e-33
2 60 -4.085838e-34
2 61 -2.249014e-35
2 62 -1.178618e-36
2 63 -4.072004e+03
2 64 -0.000000e+00

3 0 -0.000000e+00
3 1 3.522775e+03
3 2 1.973616e+02
3 3 1.438972e+02
3 4 8.487717e+01
3 5 3.043136e+01
3 6 -1.210373e+01
3 7 -3.938830e+01
3 8 -5.190727e+01
3 9 -5.279877e+01
3 10 -4.631357e+01
3 11 -3.648297e+01
3 12 -2.631846e+01
3 13 -1.757913e+01
3 14 -1.094644e+01
3 15 -6.383676e+00
3 16 -3.497735e+00
3 17 -1.804859e+00
3 18 -8.786452e-01
3 19 -4.041089e-01
3 20 -1.757821e-01
3 21 -7.238149e-02
3 22 -2.823407e-02
3 23 -1.043940e-02
3 24 -3.660627e-03
3 25 -1.217871e-03
3 26 -3.845696e-04
3 27 -1.152965e-04
3 28 -3.282812e-05
3 29 -8.879162e-06
3 30 -2.281853e-06
3 31 -5.572843e-07
3 32 -1.293640e-07
3 33 -2.854723e-08
3 34 -5.989465e-09
3 35 -1.194922e-09
3 36 -2.267080e-10
3 37 -4.090858e-11
3 38 -7.021375e-12
3 39 -1.146375e-12
3 40 -1.780580e-13
3 41 -2.631222e-14
3 42 -3.699496e-15
3 43 -4.949290e-16
3 44 -6.300605e-17
3 45 -7.632782e-18
3 46 -8.799645e-19
3 47 -9.654908e-20
3 48 -1.008206e-20
3 49 -1.002041e-21
3 50 -9.479186e-23
3 51 -8.535341e-24
3 52 -7.315568e-25
3 53 -5.968496e-26
3 54 -4.635354e-27
3 55 -3.426992e-28
3 56 -2.411934e-29
3 57 -1.616030e-30
3 58 -1.030799e-31
3 59 -6.259611e-33
3 60 -3.618909e-34
3 61 -1.991921e-35
3 62 -1.043849e-36
3 63 -4.042020e+03
3 64 -0.000000e+00

4 0 -0.000000e+00
4 1 2.925057e+03
4 2 1.252148e+02
4 3 8.487717e+01
4 4 4.084927e+01
4 5 1.011324e+00
4 6 -2.903881e+01
4 7 -4.691462e+01
4 8 -5.326166e+01
4 9 -5.078316e+01
4 10 -4.298638e+01
4 11 -3.311633e+01
4 12 -2.353263e+01
4 13 -1.555009e+01
4 14 -9.605743e+00
4 15 -5.567507e+00
4 16 -3.035837e+00
4 17 -1.560455e+00
4 18 -7.572646e-01
4 19 -3.473725e-01
4 20 -1.507714e-01
4 21 -6.196769e-02
4 22 -2.413359e-02
4 23 -8.911074e-03
4 24 -3.121004e-03
4 25 -1.037265e-03
4 26 -3.272407e-04
4 27 -9.802987e-05
4 28 -2.789188e-05
4 29 -7.539222e-06
4 30 -1.936395e-06
4 31 -4.726720e-07
4 32 -1.096718e-07
4 33 -2.419153e-08
4 34 -5.073668e-09
4 35 -1.011866e-09
4 36 -1.919167e-10
4 37 -3.462060e-11
4 38 -5.940556e-12
4 39 -9.696739e-13
4 40 -1.505785e-13
4 41 -2.224687e-14
4 42 -3.127310e-15
4 43 -4.183063e-16
4 44 -5.324299e-17
4 45 -6.449067e-18
4 46 -7.433918e-19
4 47 -8.155367e-20
4 48 -8.515133e-21
4 49 -8.462090e-22
4 50 -8.004182e-23
4 51 -7.206484e-24
4 52 -6.176038e-25
4 53 -5.038355e-26
4 54 -3.912652e-27
4 55 -2.892464e-28
4 56 -2.035583e-29
4 57 -1.363777e-30
4 58 -8.698416e-32
4 59 -5.281869e-33
4 60 -3.053468e-34
4 61 -1.680602e-35
4 62 -8.806608e-37
4 63 -4.000062e+03
4 64 -0.000000e+00

5 0 -0.000000e+00
5 1 2.302118e+03
5 2 5.791685e+01
5 3 3.043136e+01
5 4 1.011324e+00
5 5 -2.469915e+01
5 6 -4.281329e+01
5 7 -5.185916e+01
5 8 -5.260014e+01
5 9 -4.726636e+01
5 10 -3.859481e+01
5 11 -2.903196e+01
5 12 -2.028686e+01
5 13 -1.324107e+01
5 14 -8.103210e+00
5 15 -4.662514e+00
5 16 -2.527652e+00
5 17 -1.293147e+00
5 18 -6.251223e-01
5 19 -2.858340e-01
5 20 -1.237255e-01
5 21 -5.073450e-02
5 22 -1.971969e-02
5 23 -7.268837e-03
5 24 -2.542038e-03
5 25 -8.437439e-04
5 26 -2.658820e-04
5 27 -7.956790e-05
5 28 -2.261851e-05
5 29 -6.108876e-06
5 30 -1.567883e-06
5 31 -3.824687e-07
5 32 -8.869006e-08
5 33 -1.955290e-08
5 34 -4.098820e-09
5 35 -8.170857e-10
5 36 -1.549109e-10
5 37 -2.793465e-11
5 38 -4.791685e-12
5 39 -7.819002e-13
5 40 -1.213847e-13
5 41 -1.792894e-14
5 42 -2.519708e-15
5 43 -3.369574e-16
5 44 -4.287970e-17
5 45 -5.192797e-18
5 46 -5.984712e-19
5 47 -6.564408e-20
5 48 -6.852911e-21
5 49 -6.809221e-22
5 50 -6.439871e-23
5 51 -5.797328e-24
5 52 -4.967779e-25
5 53 -4.052212e-26
5 54 -3.146508e-27
5 55 -2.325854e-28
5 56 -1.636678e-29
5 57 -1.096427e-30
5 58 -6.992636e-32
5 59 -4.245754e-33
5 60 -2.454308e-34
5 61 -1.350737e-35
5 62 -7.077610e-37
5 63 -3.946153e+03
5 64 -0.000000e+00

6 0 -0.000000e+00
6 1 1.716735e+03
6 2 4.316513e+00
6 3 -1.210373e+01
6 4 -2.903881e+01
6 5 -4.281329e+01
6 6 -5.102507e+01
6 7 -5.296519e+01
6 8 -4.944726e+01
6 9 -4.223257e+01
6 10 -3.333994e+01
6 11 -2.449107e+01
6 12 -1.681882e+01
6 13 -1.083404e+01
6 14 -6.562790e+00
6 15 -3.745711e+00
6 16 -2.017403e+00
6 17 -1.026591e+00
6 18 -4.940653e-01
6 19 -2.250677e-01
6 20 -9.711472e-02
6 21 -3.971500e-02
6 22 -1.540065e-02
6 23 -5.665326e-03
6 24 -1.977763e-03
6 25 -6.554331e-04
6 26 -2.062580e-04
6 27 -6.164970e-05
6 28 -1.750595e-05
6 29 -4.723470e-06
6 30 -1.211252e-06
6 31 -2.952399e-07
6 32 -6.841399e-08
6 33 -1.507304e-08
6 34 -3.157864e-09
6 35 -6.291723e-10
6 36 -1.192261e-10
6 37 -2.149007e-11
6 38 -3.684715e-12
6 39 -6.010387e-13
6 40 -9.327458e-14
6 41 -1.377254e-14
6 42 -1.934996e-15
6 43 -2.586931e-16
6 44 -3.291169e-17
6 45 -3.984708e-18
6 46 -4.591370e-19
6 47 -5.035065e-20
6 48 -5.255343e-21
6 49 -5.220901e-22
6 50 -4.936878e-23
6 51 -4.443601e-24
6 52 -3.807200e-25
6 53 -3.105103e-26
6 54 -2.410775e-27
6 55 -1.781795e-28
6 56 -1.253687e-29
6 57 -8.397681e-31
6 58 -5.355216e-32
6 59 -3.251247e-33
6 60 -1.879254e-34
6 61 -1.034167e-35
6 62 -5.418417e-37
6 63 -3.880316e+03
6 64 -0.000000e+00

7 0 -0.000000e+00
7 1 1.212345e+03
7 2 -3.140331e+01
7 3 -3.938830e+01
7 4 -4.691462e+01
7 5 -5.185916e+01
7 6 -5.296519e+01
7 7 -5.007650e+01
7 8 -4.398423e+01
7 9 -3.601950e+01
7 10 -2.758848e+01
7 11 -1.981622e+01
7 12 -1.337735e+01
7 13 -8.502806e+00
7 14 -5.096210e+00
7 15 -2.883804e+00
7 16 -1.542305e+00
7 17 -7.802646e-01
7 18 -3.736841e-01
7 19 -1.695255e-01
7 20 -7.289057e-02
7 21 -2.971799e-02
7 22 -1.149367e-02
7 23 -4.218382e-03
7 24 -1.469668e-03
7 25 -4.861843e-04
7 26 -1.527563e-04
7 27 -4.559426e-05
7 28 -1.293066e-05
7 29 -3.485040e-06
7 30 -8.927740e-07
7 31 -2.174128e-07
7 32 -5.033793e-08
7 33 -1.108216e-08
7 34 -2.320169e-09
7 35 -4.619809e-10
7 36 -8.749380e-11
7 37 -1.576215e-11
7 38 -2.701295e-12
7 39 -4.404306e-13
7 40 -6.832196e-14
7 41 -1.008432e-14
7 42 -1.416316e-15
7 43 -1.892884e-16
7 44 -2.407456e-17
7 45 -2.913955e-18
7 46 -3.356722e-19
7 47 -3.680211e-20
7 48 -3.840345e-21
7 49 -3.814370e-22
7 50 -3.606150e-23
7 51 -3.245235e-24
7 52 -2.779979e-25
7 53 -2.266946e-26
7 54 -1.759770e-27
7 55 -1.300454e-28
7 56 -9.148879e-30
7 57 -6.127501e-31
7 58 -3.907054e-32
7 59 -2.371777e-33
7 60 -1.370768e-34
7 61 -7.542687e-36
7 62 -3.951547e-37
7 63 -3.802586e+03
7 64 -0.000000e+00

8 0 -0.000000e+00
8 1 8.100915e+02
8 2 -4.956436e+01
8 3 -5.190727e+01
8 4 -5.326166e+01
8 5 -5.260014e+01
8 6 -4.944726e+01
8 7 -4.398423e+01
8 8 -3.691957e+01
8 9 -2.921543e+01
8 10 -2.179565e+01
8 11 -1.533691e+01
8 12 -1.018622e+01
8 13 -6.390267e+00
8 14 -3.789433e+00
8 15 -2.125588e+00
8 16 -1.128519e+00
8 17 -5.674302e-01
8 18 -2.703417e-01
8 19 -1.220985e-01
8 20 -5.229770e-02
8 21 -2.125146e-02
8 22 -8.195418e-03
8 23 -3.000244e-03
8 24 -1.042940e-03
8 25 -3.443352e-04
8 26 -1.079979e-04
8 27 -3.218429e-05
8 28 -9.114711e-06
8 29 -2.453467e-06
8 30 -6.277950e-07
8 31 -1.527258e-07
8 32 -3.532768e-08
8 33 -7.770938e-09
8 34 -1.625662e-09
8 35 -3.234636e-10
8 36 -6.122025e-11
8 37 -1.102232e-11
8 38 -1.887948e-12
8 39 -3.076627e-13
8 40 -4.770389e-14
8 41 -7.038037e-15
8 42 -9.880768e-16
8 43 -1.320056e-16
8 44 -1.678327e-17
8 45 -2.030772e-18
8 46 -2.338641e-19
8 47 -2.563300e-20
8 48 -2.674137e-21
8 49 -2.655403e-22
8 50 -2.509878e-23
8 51 -2.258199e-24
8 52 -1.934064e-25
8 53 -1.576846e-26
8 54 -1.223848e-27
8 55 -9.042638e-29
8 56 -6.360640e-30
8 57 -4.259445e-31
8 58 -2.715561e-32
8 59 -1.648268e-33
8 60 -9.525003e-35
8 61 -5.240559e-36
8 62 -2.745186e-37
8 63 -3.713000e+03
8 64 -0.000000e+00

9 0 -0.000000e+00
9 1 5.114547e+02
9 2 -5.365670e+01
9 3 -5.279877e+01
9 4 -5.078316e+01
9 5 -4.726636e+01
9 6 -4.223257e+01
9 7 -3.601950e+01
9 8 -2.921543e+01
9 9 -2.248525e+01
9 10 -1.640044e+01
9 11 -1.133001e+01
9 12 -7.412130e+00
9 13 -4.592204e+00
9 14 -2.694964e+00
9 15 -1.498508e+00
9 16 -7.897239e-01
9 17 -3.945853e-01
9 18 -1.869792e-01
9 19 -8.405510e-02
9 20 -3.585726e-02
9 21 -1.451937e-02
9 22 -5.581907e-03
9 23 -2.037888e-03
9 24 -7.066937e-04
9 25 -2.328188e-04
9 26 -7.288147e-05
9 27 -2.168193e-05
9 28 -6.130903e-06
9 29 -1.647993e-06
9 30 -4.211574e-07
9 31 -1.023391e-07
9 32 -2.364785e-08
9 33 -5.196817e-09
9 34 -1.086219e-09
9 35 -2.159569e-10
9 36 -4.084322e-11
9 37 -7.348633e-12
9 38 -1.257926e-12
9 39 -2.048766e-13
9 40 -3.174991e-14
9 41 -4.681967e-15
9 42 -6.570086e-16
9 43 -8.773857e-17
9 44 -1.115078e-17
9 45 -1.348752e-18
9 46 -1.552700e-19
9 47 -1.701321e-20
9 48 -1.774364e-21
9 49 -1.761448e-22
9 50 -1.664485e-23
9 51 -1.497217e-24
9 52 -1.282022e-25
9 53 -1.045013e-26
9 54 -8.109117e-28
9 55 -5.990456e-29
9 56 -4.212979e-30
9 57 -2.820783e-31
9 58 -1.798079e-32
9 59 -1.091223e-33
9 60 -6.305084e-35
9 61 -3.468542e-36
9 62 -1.816719e-37
9 63 -3.611602e+03
9 64 -0.000000e+00

10 0 -0.000000e+00
10 1 3.042535e+02
10 2 -4.855536e+01
10 3 -4.631357e+01
10 4 -4.298638e+01
10 5 -3.859481e+01
10 6 -3.333994e+01
10 7 -2.758848e+01
10 8 -2.179565e+01
10 9 -1.640044e+01
10 10 -1.173498e+01
10 11 -7.976215e+00
10 12 -5.146667e+00
10 13 -3.151536e+00
10 14 -1.831148e+00
10 15 -1.009540e+00
10 16 -5.281459e-01
10 17 -2.622213e-01
10 18 -1.235755e-01
10 19 -5.528679e-02
10 20 -2.348610e-02
10 21 -9.474964e-03
10 22 -3.630744e-03
10 23 -1.321712e-03
10 24 -4.571608e-04
10 25 -1.502645e-04
10 26 -4.694179e-05
10 27 -1.393910e-05
10 28 -3.934907e-06
10 29 -1.056107e-06
10 30 -2.695260e-07
10 31 -6.541168e-08
10 32 -1.509772e-08
10 33 -3.314403e-09
10 34 -6.921046e-10
10 35 -1.374808e-10
10 36 -2.598043e-11
10 37 -4.671021e-12
10 38 -7.990323e-13
10 39 -1.300552e-13
10 40 -2.014303e-14
10 41 -2.968766e-15
10 42 -4.163907e-16
10 43 -5.557995e-17
10 44 -7.060648e-18
10 45 -8.536822e-19
10 46 -9.823995e-20
10 47 -1.076055e-20
10 48 -1.121885e-21
10 49 -1.113377e-22
10 50 -1.051786e-23
10 51 -9.458354e-25
10 52 -8.096857e-26
10 53 -6.598421e-27
10 54 -5.119120e-28
10 55 -3.780863e-29
10 56 -2.658490e-30
10 57 -1.779653e-31
10 58 -1.134224e-32
10 59 -6.882281e-34
10 60 -3.975965e-35
10 61 -2.186933e-36
10 62 -1.145293e-37
10 63 -3.498441e+03
10 64 -0.000000e+00

11 0 -0.000000e+00
11 1 1.694654e+02
11 2 -3.896114e+01
11 3 -3.648297e+01
11 4 -3.311633e+01
11 5 -2.903196e+01
11 6 -2.449107e+01
11 7 -1.981622e+01
11 8 -1.533691e+01
11 9 -1.133001e+01
11 10 -7.976215e+00
11 11 -5.344755e+00
11 12 -3.406165e+00
11 13 -2.063337e+00
11 14 -1.187650e+00
11 15 -6.494280e-01
11 16 -3.373301e-01
11 17 -1.664369e-01
11 18 -7.800566e-02
11 19 -3.473053e-02
11 20 -1.469068e-02
11 21 -5.904184e-03
11 22 -2.254817e-03
11 23 -8.183586e-04
11 24 -2.822956e-04
11 25 -9.256346e-05
11 26 -2.885329e-05
11 27 -8.550962e-06
11 28 -2.409574e-06
11 29 -6.456703e-07
11 30 -1.645372e-07
11 31 -3.987821e-08
11 32 -9.193034e-09
11 33 -2.015882e-09
11 34 -4.205172e-10
11 35 -8.345316e-11
11 36 -1.575680e-11
11 37 -2.830637e-12
11 38 -4.838535e-13
11 39 -7.870072e-14
11 40 -1.218145e-14
11 41 -1.794293e-15
11 42 -2.515243e-16
11 43 -3.355640e-17
11 44 -4.260840e-18
11 45 -5.149373e-19
11 46 -5.923340e-20
11 47 -6.485524e-21
11 48 -6.759305e-22
11 49 -6.705776e-23
11 50 -6.332817e-24
11 51 -5.693195e-25
11 52 -4.872323e-26
11 53 -3.969594e-27
11 54 -3.078894e-28
11 55 -2.273475e-29
11 56 -1.598232e-30
11 57 -1.069674e-31
11 58 -6.816026e-33
11 59 -4.135101e-34
11 60 -2.388483e-35
11 61 -1.313545e-36
11 62 -6.877966e-38
11 63 -3.373574e+03
11 64 -0.000000e+00

12 0 -0.000000e+00
12 1 8.692957e+01
12 2 -2.844735e+01
12 3 -2.631846e+01
12 4 -2.353263e+01
12 5 -2.028686e+01
12 6 -1.681882e+01
12 7 -1.337735e+01
12 8 -1.018622e+01
12 9 -7.412130e+00
12 10 -5.146667e+00
12 11 -3.406165e+00
12 12 -2.146761e+00
12 13 -1.287656e+00
12 14 -7.347055e-01
12 15 -3.986425e-01
12 16 -2.056452e-01
12 17 -1.008466e-01
12 18 -4.700914e-02
12 19 -2.082912e-02
12 20 -8.772661e-03
12 21 -3.512188e-03
12 22 -1.336692e-03
12 23 -4.836353e-04
12 24 -1.663669e-04
12 25 -5.441378e-05
12 26 -1.692292e-05
12 27 -5.004928e-06
12 28 -1.407693e-06
12 29 -3.765614e-07
12 30 -9.581012e-08
12 31 -2.318799e-08
12 32 -5.338491e-09
12 33 -1.169239e-09
12 34 -2.436368e-10
12 35 -4.830149e-11
12 36 -9.111263e-12
12 37 -1.635379e-12
12 38 -2.793186e-13
12 39 -4.539857e-14
12 40 -7.022036e-15
12 41 -1.033664e-15
12 42 -1.448130e-16
12 43 -1.930911e-17
12 44 -2.450517e-18
12 45 -2.960107e-19
12 46 -3.403487e-20
12 47 -3.724943e-21
12 48 -3.880660e-22
12 49 -3.848507e-23
12 50 -3.633206e-24
12 51 -3.265189e-25
12 52 -2.793548e-26
12 53 -2.275317e-27
12 54 -1.764306e-28
12 55 -1.302445e-29
12 56 -9.153896e-31
12 57 -6.125198e-32
12 58 -3.902190e-33
12 59 -2.366883e-34
12 60 -1.366883e-35
12 61 -7.515836e-37
12 62 -3.934774e-38
12 63 -3.237062e+03
12 64 -0.000000e+00

13 0 -0.000000e+00
13 1 3.900118e+01
13 2 -1.916183e+01
13 3 -1.757913e+01
13 4 -1.555009e+01
13 5 -1.324107e+01
13 6 -1.083404e+01
13 7 -8.502806e+00
13 8 -6.390267e+00
13 9 -4.592204e+00
13 10 -3.151536e+00
13 11 -2.063337e+00
13 12 -1.287656e+00
13 13 -7.654636e-01
13 14 -4.332339e-01
13 15 -2.333603e-01
13 16 -1.195957e-01
13 17 -5.830437e-02
13 18 -2.703486e-02
13 19 -1.192194e-02
13 20 -4.999743e-03
13 21 -1.993968e-03
13 22 -7.562389e-04
13 23 -2.727583e-04
13 24 -9.355952e-05
13 25 -3.052148e-05
13 26 -9.469997e-06
13 27 -2.794740e-06
13 28 -7.845162e-07
13 29 -2.094852e-07
13 30 -5.321302e-08
13 31 -1.285930e-08
13 32 -2.956470e-09
13 33 -6.467059e-10
13 34 -1.345978e-10
13 35 -2.665546e-11
13 36 -5.023085e-12
13 37 -9.007594e-13
13 38 -1.537157e-13
13 39 -2.496405e-14
13 40 -3.858470e-15
13 41 -5.675878e-16
13 42 -7.946632e-17
13 43 -1.058958e-17
13 44 -1.343174e-18
13 45 -1.621646e-19
13 46 -1.863638e-20
13 47 -2.038729e-21
13 48 -2.123051e-22
13 49 -2.104620e-23
13 50 -1.986135e-24
13 51 -1.784327e-25
13 52 -1.526085e-26
13 53 -1.242596e-27
13 54 -9.632410e-29
13 55 -7.108881e-30
13 56 -4.994999e-31
13 57 -3.341517e-32
13 58 -2.128297e-33
13 59 -1.290645e-34
13 60 -7.451992e-36
13 61 -4.096704e-37
13 62 -2.144362e-38
13 63 -3.088973e+03
13 64 -0.000000e+00

14 0 -0.000000e+00
14 1 1.214945e+01
14 2 -1.200574e+01
14 3 -1.094644e+01
14 4 -9.605743e+00
14 5 -8.103210e+00
14 6 -6.562790e+00
14 7 -5.096210e+00
14 8 -3.789433e+00
14 9 -2.694964e+00
14 10 -1.831148e+00
14 11 -1.187650e+00
14 12 -7.347055e-01
14 13 -4.332339e-01
14 14 -2.433844e-01
14 15 -1.302109e-01
14 16 -6.632053e-02
14 17 -3.215060e-02
14 18 -1.483172e-02
14 19 -6.510247e-03
14 20 -2.718736e-03
14 21 -1.080124e-03
14 22 -4.082268e-04
14 23 -1.467720e-04
14 24 -5.019939e-05
14 25 -1.633319e-05
14 26 -5.055558e-06
14 27 -1.488687e-06
14 28 -4.170487e-07
14 29 -1.111561e-07
14 30 -2.818761e-08
14 31 -6.801069e-09
14 32 -1.561371e-09
14 33 -3.410835e-10
14 34 -7.090176e-11
14 35 -1.402525e-11
14 36 -2.640198e-12
14 37 -4.729875e-13
14 38 -8.064255e-14
14 39 -1.308562e-14
14 40 -2.020937e-15
14 41 -2.970657e-16
14 42 -4.156290e-17
14 43 -5.535086e-18
14 44 -7.016480e-19
14 45 -8.466448e-20
14 46 -9.724792e-21
14 47 -1.063326e-21
14 48 -1.106798e-22
14 49 -1.096718e-23
14 50 -1.034559e-24
14 51 -9.290870e-26
14 52 -7.943396e-27
14 53 -6.465646e-28
14 54 -5.010491e-29
14 55 -3.696730e-30
14 56 -2.596752e-31
14 57 -1.736699e-32
14 58 -1.105873e-33
14 59 -6.704677e-35
14 60 -3.870326e-36
14 61 -2.127252e-37
14 62 -1.113261e-38
14 63 -2.929379e+03
14 64 -0.000000e+00

15 0 -0.000000e+00
15 1 -2.959200e+00
15 2 -7.034202e+00
15 3 -6.383676e+00
15 4 -5.567507e+00
15 5 -4.662514e+00
15 6 -3.745711e+00
15 7 -2.883804e+00
15 8 -2.125588e+00
15 9 -1.498508e+00
15 10 -1.009540e+00
15 11 -6.494280e-01
15 12 -3.986425e-01
15 13 -2.333603e-01
15 14 -1.302109e-01
15 15 -6.922590e-02
15 16 -3.505478e-02
15 17 -1.690317e-02
15 18 -7.759622e-03
15 19 -3.390736e-03
15 20 -1.410181e-03
15 21 -5.581397e-04
15 22 -2.102181e-04
15 23 -7.534198e-05
15 24 -2.569399e-05
15 25 -8.337723e-06
15 26 -2.574444e-06
15 27 -7.563823e-07
15 28 -2.114590e-07
15 29 -5.625293e-08
15 30 -1.423989e-08
15 31 -3.430211e-09
15 32 -7.863179e-10
15 33 -1.715339e-10
15 34 -3.561129e-11
15 35 -7.035959e-12
15 36 -1.323026e-12
15 37 -2.367742e-13
15 38 -4.033046e-14
15 39 -6.538466e-15
15 40 -1.008959e-15
15 41 -1.481959e-16
15 42 -2.071930e-17
15 43 -2.757398e-18
15 44 -3.493167e-19
15 45 -4.212537e-20
15 46 -4.835948e-21
15 47 -5.284955e-22
15 48 -5.498333e-23
15 49 -5.445762e-24
15 50 -5.134894e-25
15 51 -4.609529e-26
15 52 -3.939498e-27
15 53 -3.205463e-28
15 54 -2.483203e-29
15 55 -1.831519e-30
15 56 -1.286157e-31
15 57 -8.599338e-33
15 58 -5.474314e-34
15 59 -3.318126e-35
15 60 -1.914958e-36
15 61 -1.052284e-37
15 62 -5.505776e-39
15 63 -2.758360e+03
15 64 -0.000000e+00

16 0 -0.000000e+00
16 1 -1.220111e+01
16 2 -3.868214e+00
16 3 -3.497735e+00
16 4 -3.035837e+00
16 5 -2.527652e+00
16 6 -2.017403e+00
16 7 -1.542305e+00
16 8 -1.128519e+00
16 9 -7.897239e-01
16 10 -5.281459e-01
16 11 -3.373301e-01
16 12 -2.056452e-01
16 13 -1.195957e-01
16 14 -6.632053e-02
16 15 -3.505478e-02
16 16 -1.765515e-02
16 17 -8.470381e-03
16 18 -3.870306e-03
16 19 -1.683915e-03
16 20 -6.975342e-04
16 21 -2.750628e-04
16 22 -1.032479e-04
16 23 -3.688802e-05
16 24 -1.254361e-05
16 25 -4.059558e-06
16 26 -1.250386e-06
16 27 -3.665331e-07
16 28 -1.022549e-07
16 29 -2.714925e-08
16 30 -6.860203e-09
16 31 -1.649781e-09
16 32 -3.775994e-10
16 33 -8.225441e-11
16 34 -1.705365e-11
16 35 -3.365225e-12
16 36 -6.320590e-13
16 37 -1.129943e-13
16 38 -1.922737e-14
16 39 -3.114270e-15
16 40 -4.801470e-16
16 41 -7.046648e-17
16 42 -9.844408e-18
16 43 -1.309193e-18
16 44 -1.657420e-19
16 45 -1.997489e-20
16 46 -2.291746e-21
16 47 -2.503146e-22
16 48 -2.602858e-23
16 49 -2.576714e-24
16 50 -2.428509e-25
16 51 -2.179101e-26
16 52 -1.861595e-27
16 53 -1.514150e-28
16 54 -1.172556e-29
16 55 -8.645404e-31
16 56 -6.069158e-32
16 57 -4.056654e-33
16 58 -2.581716e-34
16 59 -1.564424e-35
16 60 -9.026307e-37
16 61 -4.958830e-38
16 62 -2.593975e-39
16 63 -2.576000e+03
16 64 -0.000000e+00

17 0 -0.000000e+00
17 1 -1.898788e+01
17 2 -2.001819e+00
17 3 -1.804859e+00
17 4 -1.560455e+00
17 5 -1.293147e+00
17 6 -1.026591e+00
17 7 -7.802646e-01
17 8 -5.674302e-01
17 9 -3.945853e-01
17 10 -2.622213e-01
17 11 -1.664369e-01
17 12 -1.008466e-01
17 13 -5.830437e-02
17 14 -3.215060e-02
17 15 -1.690317e-02
17 16 -8.470381e-03
17 17 -4.044620e-03
17 18 -1.839903e-03
17 19 -7.972103e-04
17 20 -3.289609e-04
17 21 -1.292570e-04
17 22 -4.835678e-05
17 23 -1.722340e-05
17 24 -5.839967e-06
17 25 -1.884997e-06
17 26 -5.791668e-07
17 27 -1.693861e-07
17 28 -4.715469e-08
17 29 -1.249513e-08
17 30 -3.151539e-09
17 31 -7.566078e-10
17 32 -1.728966e-10
17 33 -3.760733e-11
17 34 -7.786331e-12
17 35 -1.534518e-12
17 36 -2.878695e-13
17 37 -5.140545e-14
17 38 -8.738138e-15
17 39 -1.413941e-15
17 40 -2.177973e-16
17 41 -3.193665e-17
17 42 -4.458087e-18
17 43 -5.924291e-19
17 44 -7.494790e-20
17 45 -9.026597e-21
17 46 -1.034991e-21
17 47 -1.129803e-22
17 48 -1.174164e-23
17 49 -1.161770e-24
17 50 -1.094416e-25
17 51 -9.815703e-27
17 52 -8.381888e-28
17 53 -6.814734e-29
17 54 -5.275302e-30
17 55 -3.888139e-31
17 56 -2.728580e-32
17 57 -1.823208e-33
17 58 -1.159964e-34
17 59 -7.026927e-36
17 60 -4.053245e-37
17 61 -2.226180e-38
17 62 -1.164236e-39
17 63 -2.382391e+03
17 64 -0.000000e+00

18 0 -0.000000e+00
18 1 -2.516649e+01
18 2 -9.768213e-01
18 3 -8.786452e-01
18 4 -7.572646e-01
18 5 -6.251223e-01
18 6 -4.940653e-01
18 7 -3.736841e-01
18 8 -2.703417e-01
18 9 -1.869792e-01
18 10 -1.235755e-01
18 11 -7.800566e-02
18 12 -4.700914e-02
18 13 -2.703486e-02
18 14 -1.483172e-02
18 15 -7.759622e-03
18 16 -3.870306e-03
18 17 -1.839903e-03
18 18 -8.334777e-04
18 19 -3.597168e-04
18 20 -1.478855e-04
18 21 -5.790689e-05
18 22 -2.159364e-05
18 23 -7.667824e-06
18 24 -2.592604e-06
18 25 -8.346248e-07
18 26 -2.558093e-07
18 27 -7.464393e-08
18 28 -2.073544e-08
18 29 -5.483568e-09
18 30 -1.380504e-09
18 31 -3.308508e-10
18 32 -7.548220e-11
18 33 -1.639358e-11
18 34 -3.389382e-12
18 35 -6.670926e-13
18 36 -1.249894e-13
18 37 -2.229383e-14
18 38 -3.785510e-15
18 39 -6.119224e-16
18 40 -9.416834e-17
18 41 -1.379605e-17
18 42 -1.924202e-18
18 43 -2.555038e-19
18 44 -3.229981e-20
18 45 -3.887436e-21
18 46 -4.454433e-22
18 47 -4.859505e-23
18 48 -5.047393e-24
18 49 -4.991399e-25
18 50 -4.699613e-26
18 51 -4.212996e-27
18 52 -3.595949e-28
18 53 -2.922361e-29
18 54 -2.261289e-30
18 55 -1.666034e-31
18 56 -1.168750e-32
18 57 -7.806791e-34
18 58 -4.965242e-35
18 59 -3.006966e-36
18 60 -1.733965e-37
18 61 -9.520920e-39
18 62 -4.977913e-40
18 63 -2.177629e+03
18 64 -0.000000e+00

19 0 -0.000000e+00
19 1 -3.168770e+01
19 2 -4.501321e-01
19 3 -4.041089e-01
19 4 -3.473725e-01
19 5 -2.858340e-01
19 6 -2.250677e-01
19 7 -1.695255e-01
19 8 -1.220985e-01
19 9 -8.405510e-02
19 10 -5.528679e-02
19 11 -3.473053e-02
19 12 -2.082912e-02
19 13 -1.192194e-02
19 14 -6.510247e-03
19 15 -3.390736e-03
19 16 -1.683915e-03
19 17 -7.972103e-04
19 18 -3.597168e-04
19 19 -1.546692e-04
19 20 -6.336263e-05
19 21 -2.472801e-05
19 22 -9.192228e-06
19 23 -3.254505e-06
19 24 -1.097350e-06
19 25 -3.523475e-07
19 26 -1.077303e-07
19 27 -3.136351e-08
19 28 -8.693907e-09
19 29 -2.294539e-09
19 30 -5.765749e-10
19 31 -1.379393e-10
19 32 -3.141856e-11
19 33 -6.813130e-12
19 34 -1.406587e-12
19 35 -2.764679e-13
19 36 -5.173458e-14
19 37 -9.216707e-15
19 38 -1.563258e-15
19 39 -2.524336e-16
19 40 -3.880862e-17
19 41 -5.680364e-18
19 42 -7.915791e-19
19 43 -1.050233e-19
19 44 -1.326643e-20
19 45 -1.595522e-21
19 46 -1.826988e-22
19 47 -1.991848e-23
19 48 -2.067607e-24
19 49 -2.043502e-25
19 50 -1.923007e-26
19 51 -1.723015e-27
19 52 -1.469952e-28
19 53 -1.194061e-29
19 54 -9.235548e-31
19 55 -6.801659e-32
19 56 -4.769648e-33
19 57 -3.184786e-34
19 58 -2.024881e-35
19 59 -1.225877e-36
19 60 -7.066848e-38
19 61 -3.879166e-39
19 62 -2.027624e-40
19 63 -1.961817e+03
19 64 -0.000000e+00

20 0 -0.000000e+00
20 1 -3.903685e+01
20 2 -1.961178e-01
20 3 -1.757821e-01
20 4 -1.507714e-01
20 5 -1.237255e-01
20 6 -9.711472e-02
20 7 -7.289057e-02
20 8 -5.229770e-02
20 9 -3.585726e-02
20 10 -2.348610e-02
20 11 -1.469068e-02
20 12 -8.772661e-03
20 13 -4.999743e-03
20 14 -2.718736e-03
20 15 -1.410181e-03
20 16 -6.975342e-04
20 17 -3.289609e-04
20 18 -1.478855e-04
20 19 -6.336263e-05
20 20 -2.587021e-05
20 21 -1.006391e-05
20 22 -3.729768e-06
20 23 -1.316743e-06
20 24 -4.427781e-07
20 25 -1.418090e-07
20 26 -4.325403e-08
20 27 -1.256408e-08
20 28 -3.475336e-09
20 29 -9.153941e-10
20 30 -2.295892e-10
20 31 -5.482969e-11
20 32 -1.246788e-11
20 33 -2.699447e-12
20 34 -5.564900e-13
20 35 -1.092286e-13
20 36 -2.041312e-14
20 37 -3.632239e-15
20 38 -6.153625e-16
20 39 -9.926106e-17
20 40 -1.524469e-17
20 41 -2.229212e-18
20 42 -3.103689e-19
20 43 -4.114349e-20
20 44 -5.193045e-21
20 45 -6.240844e-22
20 46 -7.141136e-23
20 47 -7.780302e-24
20 48 -8.071113e-25
20 49 -7.972249e-26
20 50 -7.497932e-27
20 51 -6.714568e-28
20 52 -5.725499e-29
20 53 -4.648682e-30
20 54 -3.593937e-31
20 55 -2.645682e-32
20 56 -1.854531e-33
20 57 -1.237834e-34
20 58 -7.867286e-36
20 59 -4.761284e-37
20 60 -2.743862e-38
20 61 -1.505711e-39
20 62 -7.868004e-41
20 63 -1.735062e+03
20 64 -0.000000e+00

21 0 -0.000000e+00
21 1 -4.748074e+01
21 2 -8.086513e-02
21 3 -7.238149e-02
21 4 -6.196769e-02
21 5 -5.073450e-02
21 6 -3.971500e-02
21 7 -2.971799e-02
21 8 -2.125146e-02
21 9 -1.451937e-02
21 10 -9.474964e-03
21 11 -5.904184e-03
21 12 -3.512188e-03
21 13 -1.993968e-03
21 14 -1.080124e-03
21 15 -5.581397e-04
21 16 -2.750628e-04
21 17 -1.292570e-04
21 18 -5.790689e-05
21 19 -2.472801e-05
21 20 -1.006391e-05
21 21 -3.903061e-06
21 22 -1.442297e-06
21 23 -5.077732e-07
21 24 -1.702988e-07
21 25 -5.440586e-08
21 26 -1.655551e-08
21 27 -4.798184e-09
21 28 -1.324422e-09
21 29 -3.481550e-10
21 30 -8.715643e-11
21 31 -2.077752e-11
21 32 -4.716763e-12
21 33 -1.019628e-12
21 34 -2.098837e-13
21 35 -4.113857e-14
21 36 -7.678006e-15
21 37 -1.364498e-15
21 38 -2.308976e-16
21 39 -3.720372e-17
21 40 -5.707850e-18
21 41 -8.338295e-19
21 42 -1.159846e-19
21 43 -1.536181e-20
21 44 -1.937330e-21
21 45 -2.326404e-22
21 46 -2.660041e-23
21 47 -2.896106e-24
21 48 -3.002375e-25
21 49 -2.963751e-26
21 50 -2.785777e-27
21 51 -2.493336e-28
21 52 -2.124942e-29
21 53 -1.724436e-30
21 54 -1.332547e-31
21 55 -9.805181e-33
21 56 -6.870183e-34
21 57 -4.583766e-35
21 58 -2.912192e-36
21 59 -1.761826e-37
21 60 -1.014970e-38
21 61 -5.567909e-40
21 62 -2.908586e-41
21 63 -1.497481e+03
21 64 -0.000000e+00

22 0 -0.000000e+00
22 1 -5.719494e+01
22 2 -3.157992e-02
22 3 -2.823407e-02
22 4 -2.413359e-02
22 5 -1.971969e-02
22 6 -1.540065e-02
22 7 -1.149367e-02
22 8 -8.195418e-03
22 9 -5.581907e-03
22 10 -3.630744e-03
22 11 -2.254817e-03
22 12 -1.336692e-03
22 13 -7.562389e-04
22 14 -4.082268e-04
22 15 -2.102181e-04
22 16 -1.032479e-04
22 17 -4.835678e-05
22 18 -2.159364e-05
22 19 -9.192228e-06
22 20 -3.729768e-06
22 21 -1.442297e-06
22 22 -5.314837e-07
22 23 -1.866139e-07
22 24 -6.242771e-08
22 25 -1.989555e-08
22 26 -6.040163e-09
22 27 -1.746743e-09
22 28 -4.811421e-10
22 29 -1.262296e-10
22 30 -3.154099e-11
22 31 -7.505850e-12
22 32 -1.701070e-12
22 33 -3.671393e-13
22 34 -7.545995e-14
22 35 -1.476968e-14
22 36 -2.752887e-15
22 37 -4.886100e-16
22 38 -8.258267e-17
22 39 -1.329120e-17
22 40 -2.036976e-18
22 41 -2.972701e-19
22 42 -4.131038e-20
22 43 -5.466488e-21
22 44 -6.888083e-22
22 45 -8.264732e-23
22 46 -9.442776e-24
22 47 -1.027333e-24
22 48 -1.064301e-25
22 49 -1.049929e-26
22 50 -9.862749e-28
22 51 -8.822266e-29
22 52 -7.514627e-30
22 53 -6.095102e-31
22 54 -4.707628e-32
22 55 -3.462359e-33
22 56 -2.424891e-34
22 57 -1.617200e-35
22 58 -1.027042e-36
22 59 -6.211081e-38
22 60 -3.576858e-39
22 61 -1.961522e-40
22 62 -1.024337e-41
22 63 -1.249191e+03
22 64 -0.000000e+00

23 0 -0.000000e+00
23 1 -6.832298e+01
23 2 -1.168816e-02
23 3 -1.043940e-02
23 4 -8.911074e-03
23 5 -7.268837e-03
23 6 -5.665326e-03
23 7 -4.218382e-03
23 8 -3.000244e-03
23 9 -2.037888e-03
23 10 -1.321712e-03
23 11 -8.183586e-04
23 12 -4.836353e-04
23 13 -2.727583e-04
23 14 -1.467720e-04
23 15 -7.534198e-05
23 16 -3.688802e-05
23 17 -1.722340e-05
23 18 -7.667824e-06
23 19 -3.254505e-06
23 20 -1.316743e-06
23 21 -5.077732e-07
23 22 -1.866139e-07
23 23 -6.535537e-08
23 24 -2.180939e-08
23 25 -6.934203e-09
23 26 -2.100436e-09
23 27 -6.061144e-10
23 28 -1.666126e-10
23 29 -4.362624e-11
23 30 -1.088066e-11
23 31 -2.584720e-12
23 32 -5.848009e-13
23 33 -1.260161e-13
23 34 -2.586169e-14
23 35 -5.054643e-15
23 36 -9.408466e-16
23 37 -1.667765e-16
23 38 -2.815352e-17
23 39 -4.525924e-18
23 40 -6.928740e-19
23 41 -1.010114e-19
23 42 -1.402337e-20
23 43 -1.853951e-21
23 44 -2.334027e-22
23 45 -2.798171e-23
23 46 -3.194495e-24
23 47 -3.472873e-25
23 48 -3.595291e-26
23 49 -3.544356e-27
23 50 -3.327353e-28
23 51 -2.974532e-29
23 52 -2.532196e-30
23 53 -2.052745e-31
23 54 -1.584647e-32
23 55 -1.164904e-33
23 56 -8.154723e-35
23 57 -5.436132e-36
23 58 -3.450908e-37
23 59 -2.086125e-38
23 60 -1.200913e-39
23 61 -6.583369e-41
23 62 -3.436774e-42
23 63 -9.903206e+02
23 64 -0.000000e+00

24 0 -0.000000e+00
24 1 -8.100119e+01
24 2 -4.102053e-03
24 3 -3.660627e-03
24 4 -3.121004e-03
24 5 -2.542038e-03
24 6 -1.977763e-03
24 7 -1.469668e-03
24 8 -1.042940e-03
24 9 -7.066937e-04
24 10 -4.571608e-04
24 11 -2.822956e-04
24 12 -1.663669e-04
24 13 -9.355952e-05
24 14 -5.019939e-05
24 15 -2.569399e-05
24 16 -1.254361e-05
24 17 -5.839967e-06
24 18 -2.592604e-06
24 19 -1.097350e-06
24 20 -4.427781e-07
24 21 -1.702988e-07
24 22 -6.242771e-08
24 23 -2.180939e-08
24 24 -7.260612e-09
24 25 -2.303206e-09
24 26 -6.961327e-10
24 27 -2.004580e-10
24 28 -5.499234e-11
24 29 -1.437164e-11
24 30 -3.577800e-12
24 31 -8.484254e-13
24 32 -1.916388e-13
24 33 -4.122983e-14
24 34 -8.448617e-15
24 35 -1.648902e-15
24 36 -3.064994e-16
24 37 -5.426024e-17
24 38 -9.148372e-18
24 39 -1.468958e-18
24 40 -2.246329e-19
24 41 -3.271378e-20
24 42 -4.537091e-21
24 43 -5.992529e-22
24 44 -7.537473e-23
24 45 -9.028632e-24
24 46 -1.029904e-24
24 47 -1.118789e-25
24 48 -1.157378e-26
24 49 -1.140188e-27
24 50 -1.069674e-28
24 51 -9.556508e-30
24 52 -8.130544e-31
24 53 -6.587373e-32
24 54 -5.082495e-33
24 55 -3.734340e-34
24 56 -2.612901e-35
24 57 -1.741023e-36
24 58 -1.104737e-37
24 59 -6.675533e-39
24 60 -3.841374e-40
24 61 -2.105043e-41
24 62 -1.098525e-42
24 63 -7.210000e+02
24 64 -0.000000e+00

25 0 -0.000000e+00
25 1 -9.536793e+01
25 2 -1.365760e-03
25 3 -1.217871e-03
25 4 -1.037265e-03
25 5 -8.437439e-04
25 6 -6.554331e-04
25 7 -4.861843e-04
25 8 -3.443352e-04
25 9 -2.328188e-04
25 10 -1.502645e-04
25 11 -9.256346e-05
25 12 -5.441378e-05
25 13 -3.052148e-05
25 14 -1.633319e-05
25 15 -8.337723e-06
25 16 -4.059558e-06
25 17 -1.884997e-06
25 18 -8.346248e-07
25 19 -3.523475e-07
25 20 -1.418090e-07
25 21 -5.440586e-08
25 22 -1.989555e-08
25 23 -6.934203e-09
25 24 -2.303206e-09
25 25 -7.290084e-10
25 26 -2.198701e-10
25 27 -6.318394e-11
25 28 -1.729934e-11
25 29 -4.512454e-12
25 30 -1.121336e-12
25 31 -2.654487e-13
25 32 -5.985915e-14
25 33 -1.285793e-14
25 34 -2.630807e-15
25 35 -5.127106e-16
25 36 -9.517229e-17
25 37 -1.682651e-17
25 38 -2.833445e-18
25 39 -4.544281e-19
25 40 -6.941265e-20
25 41 -1.009786e-20
25 42 -1.399047e-21
25 43 -1.846047e-22
25 44 -2.319835e-23
25 45 -2.776333e-24
25 46 -3.164343e-25
25 47 -3.434711e-26
25 48 -3.550499e-27
25 49 -3.495258e-28
25 50 -3.276861e-29
25 51 -2.925664e-30
25 52 -2.487582e-31
25 53 -2.014261e-32
25 54 -1.553241e-33
25 55 -1.140634e-34
25 56 -7.976953e-36
25 57 -5.312649e-37
25 58 -3.369521e-38
25 59 -2.035204e-39
25 60 -1.170659e-40
25 61 -6.412618e-42
25 62 -3.345208e-43
25 63 -4.413674e+02
25 64 -0.000000e+00

26 0 -0.000000e+00
26 1 -1.115666e+02
26 2 -4.315537e-04
26 3 -3.845696e-04
26 4 -3.272407e-04
26 5 -2.658820e-04
26 6 -2.062580e-04
26 7 -1.527563e-04
26 8 -1.079979e-04
26 9 -7.288147e-05
26 10 -4.694179e-05
26 11 -2.885329e-05
26 12 -1.692292e-05
26 13 -9.469997e-06
26 14 -5.055558e-06
26 15 -2.574444e-06
26 16 -1.250386e-06
26 17 -5.791668e-07
26 18 -2.558093e-07
26 19 -1.077303e-07
26 20 -4.325403e-08
26 21 -1.655551e-08
26 22 -6.040163e-09
26 23 -2.100436e-09
26 24 -6.961327e-10
26 25 -2.198701e-10
26 26 -6.617644e-11
26 27 -1.897920e-11
26 28 -5.186391e-12
26 29 -1.350342e-12
26 30 -3.349601e-13
26 31 -7.915797e-14
26 32 -1.782099e-14
26 33 -3.821988e-15
26 34 -7.808241e-16
26 35 -1.519536e-16
26 36 -2.816768e-17
26 37 -4.973514e-18
26 38 -8.364472e-19
26 39 -1.339887e-19
26 40 -2.044302e-20
26 41 -2.970724e-21
26 42 -4.111628e-22
26 43 -5.419937e-23
26 44 -6.804539e-24
26 45 -8.136226e-25
26 46 -9.265381e-26
26 47 -1.004884e-26
26 48 -1.037955e-27
26 49 -1.021051e-28
26 50 -9.565796e-30
26 51 -8.534873e-31
26 52 -7.252263e-32
26 53 -5.868794e-33
26 54 -4.522949e-34
26 55 -3.319639e-35
26 56 -2.320358e-36
26 57 -1.544591e-37
26 58 -9.791864e-39
26 59 -5.911667e-40
26 60 -3.398965e-41
26 61 -1.861123e-42
26 62 -9.704979e-44
26 63 -1.515664e+02
26 64 -0.000000e+00

27 0 -0.000000e+00
27 1 -1.297464e+02
27 2 -1.294581e-04
27 3 -1.152965e-04
27 4 -9.802987e-05
27 5 -7.956790e-05
27 6 -6.164970e-05
27 7 -4.559426e-05
27 8 -3.218429e-05
27 9 -2.168193e-05
27 10 -1.393910e-05
27 11 -8.550962e-06
27 12 -5.004928e-06
27 13 -2.794740e-06
27 14 -1.488687e-06
27 15 -7.563823e-07
27 16 -3.665331e-07
27 17 -1.693861e-07
27 18 -7.464393e-08
27 19 -3.136351e-08
27 20 -1.256408e-08
27 21 -4.798184e-09
27 22 -1.746743e-09
27 23 -6.061144e-10
27 24 -2.004580e-10
27 25 -6.318394e-11
27 26 -1.897920e-11
27 27 -5.432651e-12
27 28 -1.481786e-12
27 29 -3.851034e-13
27 30 -9.536025e-14
27 31 -2.249766e-14
27 32 -5.056738e-15
27 33 -1.082807e-15
27 34 -2.208842e-16
27 35 -4.292385e-17
27 36 -7.945858e-18
27 37 -1.401136e-18
27 38 -2.353462e-19
27 39 -3.765412e-20
27 40 -5.738360e-21
27 41 -8.329629e-22
27 42 -1.151647e-22
27 43 -1.516570e-23
27 44 -1.902172e-24
27 45 -2.272353e-25
27 46 -2.585450e-26
27 47 -2.801732e-27
27 48 -2.891635e-28
27 49 -2.842387e-29
27 50 -2.660987e-30
27 51 -2.372573e-31
27 52 -2.014703e-32
27 53 -1.629351e-33
27 54 -1.254957e-34
27 55 -9.205581e-36
27 56 -6.431031e-37
27 57 -4.278735e-38
27 58 -2.711154e-39
27 59 -1.636048e-40
27 60 -9.402417e-42
27 61 -5.146167e-43
27 62 -2.682429e-44
27 63 1.482537e+02
27 64 -0.000000e+00

28 0 -0.000000e+00
28 1 -1.500625e+02
28 2 -3.687940e-05
28 3 -3.282812e-05
28 4 -2.789188e-05
28 5 -2.261851e-05
28 6 -1.750595e-05
28 7 -1.293066e-05
28 8 -9.114711e-06
28 9 -6.130903e-06
28 10 -3.934907e-06
28 11 -2.409574e-06
28 12 -1.407693e-06
28 13 -7.845162e-07
28 14 -4.170487e-07
28 15 -2.114590e-07
28 16 -1.022549e-07
28 17 -4.715469e-08
28 18 -2.073544e-08
28 19 -8.693907e-09
28 20 -3.475336e-09
28 21 -1.324422e-09
28 22 -4.811421e-10
28 23 -1.666126e-10
28 24 -5.499234e-11
28 25 -1.729934e-11
28 26 -5.186391e-12
28 27 -1.481786e-12
28 28 -4.034300e-13
28 29 -1.046629e-13
28 30 -2.587256e-14
28 31 -6.093836e-15
28 32 -1.367508e-15
28 33 -2.923756e-16
28 34 -5.955389e-17
28 35 -1.155643e-17
28 36 -2.136336e-18
28 37 -3.762151e-19
28 38 -6.311221e-20
28 39 -1.008536e-20
28 40 -1.535188e-21
28 41 -2.225950e-22
28 42 -3.074296e-23
28 43 -4.044320e-24
28 44 -5.067674e-25
28 45 -6.048244e-26
28 46 -6.875468e-27
28 47 -7.444277e-28
28 48 -7.676899e-29
28 49 -7.540289e-30
28 50 -7.053836e-31
28 51 -6.284845e-32
28 52 -5.333256e-33
28 53 -4.310386e-34
28 54 -3.317899e-35
28 55 -2.432377e-36
28 56 -1.698312e-37
28 57 -1.129329e-38
28 58 -7.152184e-40
28 59 -4.313898e-41
28 60 -2.478066e-42
28 61 -1.355707e-43
28 62 -7.063633e-45
28 63 4.579375e+02
28 64 -0.000000e+00

29 0 -0.000000e+00
29 1 -1.726760e+02
29 2 -9.979525e-06
29 3 -8.879162e-06
29 4 -7.539222e-06
29 5 -6.108876e-06
29 6 -4.723470e-06
29 7 -3.485040e-06
29 8 -2.453467e-06
29 9 -1.647993e-06
29 10 -1.056107e-06
29 11 -6.456703e-07
29 12 -3.765614e-07
29 13 -2.094852e-07
29 14 -1.111561e-07
29 15 -5.625293e-08
29 16 -2.714925e-08
29 17 -1.249513e-08
29 18 -5.483568e-09
29 19 -2.294539e-09
29 20 -9.153941e-10
29 21 -3.481550e-10
29 22 -1.262296e-10
29 23 -4.362624e-11
29 24 -1.437164e-11
29 25 -4.512454e-12
29 26 -1.350342e-12
29 27 -3.851034e-13
29 28 -1.046629e-13
29 29 -2.710628e-14
29 30 -6.689454e-15
29 31 -1.573032e-15
29 32 -3.524473e-16
29 33 -7.523937e-17
29 34 -1.530299e-17
29 35 -2.965339e-18
29 36 -5.474277e-19
29 37 -9.627688e-20
29 38 -1.613055e-20
29 39 -2.574534e-21
29 40 -3.914360e-22
29 41 -5.669268e-23
29 42 -7.821490e-24
29 43 -1.027876e-24
29 44 -1.286690e-25
29 45 -1.534203e-26
29 46 -1.742454e-27
29 47 -1.884970e-28
29 48 -1.942256e-29
29 49 -1.906178e-30
29 50 -1.781848e-31
29 51 -1.586443e-32
29 52 -1.345305e-33
29 53 -1.086567e-34
29 54 -8.358499e-36
29 55 -6.123975e-37
29 56 -4.273356e-38
29 57 -2.840095e-39
29 58 -1.797722e-40
29 59 -1.083767e-41
29 60 -6.222582e-43
29 61 -3.402713e-44
29 62 -1.772141e-45
29 63 7.773240e+02
29 64 -0.000000e+00

30 0 -0.000000e+00
30 1 -1.977539e+02
30 2 -2.565693e-06
30 3 -2.281853e-06
30 4 -1.936395e-06
30 5 -1.567883e-06
30 6 -1.211252e-06
30 7 -8.927740e-07
30 8 -6.277950e-07
30 9 -4.211574e-07
30 10 -2.695260e-07
30 11 -1.645372e-07
30 12 -9.581012e-08
30 13 -5.321302e-08
30 14 -2.818761e-08
30 15 -1.423989e-08
30 16 -6.860203e-09
30 17 -3.151539e-09
30 18 -1.380504e-09
30 19 -5.765749e-10
30 20 -2.295892e-10
30 21 -8.715643e-11
30 22 -3.154099e-11
30 23 -1.088066e-11
30 24 -3.577800e-12
30 25 -1.121336e-12
30 26 -3.349601e-13
30 27 -9.536025e-14
30 28 -2.587256e-14
30 29 -6.689454e-15
30 30 -1.648176e-15
30 31 -3.869556e-16
30 32 -8.656614e-17
30 33 -1.845224e-17
30 34 -3.747578e-18
30 35 -7.251689e-19
30 36 -1.336911e-19
30 37 -2.348165e-20
30 38 -3.929226e-21
30 39 -6.263648e-22
30 40 -9.512179e-23
30 41 -1.376119e-23
30 42 -1.896475e-24
30 43 -2.489692e-25
30 44 -3.113464e-26
30 45 -3.708816e-27
30 46 -4.208365e-28
30 47 -4.548544e-29
30 48 -4.682811e-30
30 49 -4.592097e-31
30 50 -4.289244e-32
30 51 -3.816026e-33
30 52 -3.233691e-34
30 53 -2.609987e-35
30 54 -2.006446e-36
30 55 -1.469136e-37
30 56 -1.024565e-38
30 57 -6.805438e-40
30 58 -4.305362e-41
30 59 -2.594164e-42
30 60 -1.488734e-43
30 61 -8.137034e-45
30 62 -4.235871e-46
30 63 1.106246e+03
30 64 -0.000000e+00

31 0 -0.000000e+00
31 1 -2.254690e+02
31 2 -6.268370e-07
31 3 -5.572843e-07
31 4 -4.726720e-07
31 5 -3.824687e-07
31 6 -2.952399e-07
31 7 -2.174128e-07
31 8 -1.527258e-07
31 9 -1.023391e-07
31 10 -6.541168e-08
31 11 -3.987821e-08
31 12 -2.318799e-08
31 13 -1.285930e-08
31 14 -6.801069e-09
31 15 -3.430211e-09
31 16 -1.649781e-09
31 17 -7.566078e-10
31 18 -3.308508e-10
31 19 -1.379393e-10
31 20 -5.482969e-11
31 21 -2.077752e-11
31 22 -7.505850e-12
31 23 -2.584720e-12
31 24 -8.484254e-13
31 25 -2.654487e-13
31 26 -7.915797e-14
31 27 -2.249766e-14
31 28 -6.093836e-15
31 29 -1.573032e-15
31 30 -3.869556e-16
31 31 -9.070807e-17
31 32 -2.026174e-17
31 33 -4.312603e-18
31 34 -8.746220e-19
31 35 -1.690078e-19
31 36 -3.111616e-20
31 37 -5.458170e-21
31 38 -9.121762e-22
31 39 -1.452349e-22
31 40 -2.202996e-23
31 41 -3.183449e-24
31 42 -4.382432e-25
31 43 -5.747211e-26
31 44 -7.179865e-27
31 45 -8.544475e-28
31 46 -9.686294e-29
31 47 -1.045988e-29
31 48 -1.075937e-30
31 49 -1.054222e-31
31 50 -9.839142e-33
31 51 -8.746968e-34
31 52 -7.406759e-35
31 53 -5.973997e-36
31 54 -4.589482e-37
31 55 -3.358307e-38
31 56 -2.340624e-39
31 57 -1.553795e-40
31 58 -9.824354e-42
31 59 -5.916420e-43
31 60 -3.393564e-44
31 61 -1.853926e-45
31 62 -9.646409e-47
31 63 1.444531e+03
31 64 -0.000000e+00

32 0 -0.000000e+00
32 1 -2.560000e+02
32 2 -1.455580e-07
32 3 -1.293640e-07
32 4 -1.096718e-07
32 5 -8.869006e-08
32 6 -6.841399e-08
32 7 -5.033793e-08
32 8 -3.532768e-08
32 9 -2.364785e-08
32 10 -1.509772e-08
32 11 -9.193034e-09
32 12 -5.338491e-09
32 13 -2.956470e-09
32 14 -1.561371e-09
32 15 -7.863179e-10
32 16 -3.775994e-10
32 17 -1.728966e-10
32 18 -7.548220e-11
32 19 -3.141856e-11
32 20 -1.246788e-11
32 21 -4.716763e-12
32 22 -1.701070e-12
32 23 -5.848009e-13
32 24 -1.916388e-13
32 25 -5.985915e-14
32 26 -1.782099e-14
32 27 -5.056738e-15
32 28 -1.367508e-15
32 29 -3.524473e-16
32 30 -8.656614e-17
32 31 -2.026174e-17
32 32 -4.519249e-18
32 33 -9.605120e-19
32 34 -1.945241e-19
32 35 -3.753753e-20
32 36 -6.901886e-21
32 37 -1.209117e-21
32 38 -2.018164e-22
32 39 -3.209388e-23
32 40 -4.862456e-24
32 41 -7.018554e-25
32 42 -9.651378e-26
32 43 -1.264365e-26
32 44 -1.577935e-27
32 45 -1.875995e-28
32 46 -2.124679e-29
32 47 -2.292278e-30
32 48 -2.355848e-31
32 49 -2.306361e-32
32 50 -2.150808e-33
32 51 -1.910579e-34
32 52 -1.616636e-35
32 53 -1.302983e-36
32 54 -1.000322e-37
32 55 -7.314953e-39
32 56 -5.095062e-40
32 57 -3.380259e-41
32 58 -2.136040e-42
32 59 -1.285655e-43
32 60 -7.370411e-45
32 61 -4.024467e-46
32 62 -2.093010e-47
32 63 1.792000e+03
32 64 -0.000000e+00

33 0 -0.000000e+00
33 1 -2.895315e+02
33 2 -3.213052e-08
33 3 -2.854723e-08
33 4 -2.419153e-08
33 5 -1.955290e-08
33 6 -1.507304e-08
33 7 -1.108216e-08
33 8 -7.770938e-09
33 9 -5.196817e-09
33 10 -3.314403e-09
33 11 -2.015882e-09
33 12 -1.169239e-09
33 13 -6.467059e-10
33 14 -3.410835e-10
33 15 -1.715339e-10
33 16 -8.225441e-11
33 17 -3.760733e-11
33 18 -1.639358e-11
33 19 -6.813130e-12
33 20 -2.699447e-12
33 21 -1.019628e-12
33 22 -3.671393e-13
33 23 -1.260161e-13
33 24 -4.122983e-14
33 25 -1.285793e-14
33 26 -3.821988e-15
33 27 -1.082807e-15
33 28 -2.923756e-16
33 29 -7.523937e-17
33 30 -1.845224e-17
33 31 -4.312603e-18
33 32 -9.605120e-19
33 33 -2.038573e-19
33 34 -4.122853e-20
33 35 -7.945209e-21
33 36 -1.458940e-21
33 37 -2.552604e-22
33 38 -4.255322e-23
33 39 -6.758878e-24
33 40 -1.022823e-24
33 41 -1.474688e-25
33 42 -2.025656e-26
33 43 -2.650868e-27
33 44 -3.304910e-28
33 45 -3.925297e-29
33 46 -4.441397e-30
33 47 -4.787336e-31
33 48 -4.915739e-32
33 49 -4.808371e-33
33 50 -4.480387e-34
33 51 -3.976818e-35
33 52 -3.362429e-36
33 53 -2.708087e-37
33 54 -2.077588e-38
33 55 -1.518234e-39
33 56 -1.056809e-40
33 57 -7.006934e-42
33 58 -4.425167e-43
33 59 -2.661936e-44
33 60 -1.525205e-45
33 61 -8.323733e-47
33 62 -4.326773e-48
33 63 2.148469e+03
33 64 -0.000000e+00

34 0 -0.000000e+00
34 1 -3.262539e+02
34 2 -6.743119e-09
34 3 -5.989465e-09
34 4 -5.073668e-09
34 5 -4.098820e-09
34 6 -3.157864e-09
34 7 -2.320169e-09
34 8 -1.625662e-09
34 9 -1.086219e-09
34 10 -6.921046e-10
34 11 -4.205172e-10
34 12 -2.436368e-10
34 13 -1.345978e-10
34 14 -7.090176e-11
34 15 -3.561129e-11
34 16 -1.705365e-11
34 17 -7.786331e-12
34 18 -3.389382e-12
34 19 -1.406587e-12
34 20 -5.564900e-13
34 21 -2.098837e-13
34 22 -7.545995e-14
34 23 -2.586169e-14
34 24 -8.448617e-15
34 25 -2.630807e-15
34 26 -7.808241e-16
34 27 -2.208842e-16
34 28 -5.955389e-17
34 29 -1.530299e-17
34 30 -3.747578e-18
34 31 -8.746220e-19
34 32 -1.945241e-19
34 33 -4.122853e-20
34 34 -8.326875e-21
34 35 -1.602562e-21
34 36 -2.938905e-22
34 37 -5.135508e-23
34 38 -8.550637e-24
34 39 -1.356503e-24
34 40 -2.050412e-25
34 41 -2.952911e-26
34 42 -4.051722e-27
34 43 -5.296643e-28
34 44 -6.596679e-29
34 45 -7.827193e-30
34 46 -8.847798e-31
34 47 -9.528090e-32
34 48 -9.774873e-33
34 49 -9.553104e-34
34 50 -8.894055e-35
34 51 -7.888075e-36
34 52 -6.664269e-37
34 53 -5.363383e-38
34 54 -4.111731e-39
34 55 -3.002654e-40
34 56 -2.088699e-41
34 57 -1.383986e-42
34 58 -8.735116e-44
34 59 -5.251491e-45
34 60 -3.007251e-46
34 61 -1.640310e-47
34 62 -8.522127e-49
34 63 2.513746e+03
34 64 -0.000000e+00

35 0 -0.000000e+00
35 1 -3.663635e+02
35 2 -1.345614e-09
35 3 -1.194922e-09
35 4 -1.011866e-09
35 5 -8.170857e-10
35 6 -6.291723e-10
35 7 -4.619809e-10
35 8 -3.234636e-10
35 9 -2.159569e-10
35 10 -1.374808e-10
35 11 -8.345316e-11
35 12 -4.830149e-11
35 13 -2.665546e-11
35 14 -1.402525e-11
35 15 -7.035959e-12
35 16 -3.365225e-12
35 17 -1.534518e-12
35 18 -6.670926e-13
35 19 -2.764679e-13
35 20 -1.092286e-13
35 21 -4.113857e-14
35 22 -1.476968e-14
35 23 -5.054643e-15
35 24 -1.648902e-15
35 25 -5.127106e-16
35 26 -1.519536e-16
35 27 -4.292385e-17
35 28 -1.155643e-17
35 29 -2.965339e-18
35 30 -7.251689e-19
35 31 -1.690078e-19
35 32 -3.753753e-20
35 33 -7.945209e-21
35 34 -1.602562e-21
35 35 -3.080235e-22
35 36 -5.641597e-23
35 37 -9.845994e-24
35 38 -1.637369e-24
35 39 -2.594501e-25
35 40 -3.917168e-26
35 41 -5.634984e-27
35 42 -7.723371e-28
35 43 -1.008571e-28
35 44 -1.254826e-29
35 45 -1.487407e-30
35 46 -1.679727e-31
35 47 -1.807184e-32
35 48 -1.852312e-33
35 49 -1.808704e-34
35 50 -1.682502e-35
35 51 -1.490983e-36
35 52 -1.258672e-37
35 53 -1.012208e-38
35 54 -7.754228e-40
35 55 -5.658665e-41
35 56 -3.933606e-42
35 57 -2.604740e-43
35 58 -1.642972e-44
35 59 -9.871503e-46
35 60 -5.649629e-47
35 61 -3.079895e-48
35 62 -1.599291e-49
35 63 2.887636e+03
35 64 -0.000000e+00

36 0 -0.000000e+00
36 1 -4.100625e+02
36 2 -2.553563e-10
36 3 -2.267080e-10
36 4 -1.919167e-10
36 5 -1.549109e-10
36 6 -1.192261e-10
36 7 -8.749380e-11
36 8 -6.122025e-11
36 9 -4.084322e-11
36 10 -2.598043e-11
36 11 -1.575680e-11
36 12 -9.111263e-12
36 13 -5.023085e-12
36 14 -2.640198e-12
36 15 -1.323026e-12
36 16 -6.320590e-13
36 17 -2.878695e-13
36 18 -1.249894e-13
36 19 -5.173458e-14
36 20 -2.041312e-14
36 21 -7.678006e-15
36 22 -2.752887e-15
36 23 -9.408466e-16
36 24 -3.064994e-16
36 25 -9.517229e-17
36 26 -2.816768e-17
36 27 -7.945858e-18
36 28 -2.136336e-18
36 29 -5.474277e-19
36 30 -1.336911e-19
36 31 -3.111616e-20
36 32 -6.901886e-21
36 33 -1.458940e-21
36 34 -2.938905e-22
36 35 -5.641597e-23
36 36 -1.031995e-23
36 37 -1.798883e-24
36 38 -2.987920e-25
36 39 -4.728969e-26
36 40 -7.131600e-27
36 41 -1.024759e-27
36 42 -1.403016e-28
36 43 -1.830213e-29
36 44 -2.274733e-30
36 45 -2.693654e-31
36 46 -3.038983e-32
36 47 -3.266499e-33
36 48 -3.345011e-34
36 49 -3.263374e-35
36 50 -3.033078e-36
36 51 -2.685602e-37
36 52 -2.265347e-38
36 53 -1.820360e-39
36 54 -1.393488e-40
36 55 -1.016173e-41
36 56 -7.059025e-43
36 57 -4.671212e-44
36 58 -2.944540e-45
36 59 -1.768086e-46
36 60 -1.011307e-47
36 61 -5.510008e-49
36 62 -2.859608e-50
36 63 3.269938e+03
36 64 -0.000000e+00

37 0 -0.000000e+00
37 1 -4.575588e+02
37 2 -4.608763e-11
37 3 -4.090858e-11
37 4 -3.462060e-11
37 5 -2.793465e-11
37 6 -2.149007e-11
37 7 -1.576215e-11
37 8 -1.102232e-11
37 9 -7.348633e-12
37 10 -4.671021e-12
37 11 -2.830637e-12
37 12 -1.635379e-12
37 13 -9.007594e-13
37 14 -4.729875e-13
37 15 -2.367742e-13
37 16 -1.129943e-13
37 17 -5.140545e-14
37 18 -2.229383e-14
37 19 -9.216707e-15
37 20 -3.632239e-15
37 21 -1.364498e-15
37 22 -4.886100e-16
37 23 -1.667765e-16
37 24 -5.426024e-17
37 25 -1.682651e-17
37 26 -4.973514e-18
37 27 -1.401136e-18
37 28 -3.762151e-19
37 29 -9.627688e-20
37 30 -2.348165e-20
37 31 -5.458170e-21
37 32 -1.209117e-21
37 33 -2.552604e-22
37 34 -5.135508e-23
37 35 -9.845994e-24
37 36 -1.798883e-24
37 37 -3.131881e-25
37 38 -5.195861e-26
37 39 -8.213941e-27
37 40 -1.237312e-27
37 41 -1.775955e-28
37 42 -2.428858e-29
37 43 -3.165059e-30
37 44 -3.929735e-31
37 45 -4.648782e-32
37 46 -5.239648e-33
37 47 -5.626586e-34
37 48 -5.756530e-35
37 49 -5.611032e-36
37 50 -5.210559e-37
37 51 -4.609768e-38
37 52 -3.885267e-39
37 53 -3.119634e-40
37 54 -2.386281e-41
37 55 -1.738877e-42
37 56 -1.207092e-43
37 57 -7.982345e-45
37 58 -5.028451e-46
37 59 -3.017496e-47
37 60 -1.724897e-48
37 61 -9.392448e-50
37 62 -4.871799e-51
37 63 3.660441e+03
37 64 -0.000000e+00

38 0 -0.000000e+00
38 1 -5.090664e+02
38 2 -7.911791e-12
38 3 -7.021375e-12
38 4 -5.940556e-12
38 5 -4.791685e-12
38 6 -3.684715e-12
38 7 -2.701295e-12
38 8 -1.887948e-12
38 9 -1.257926e-12
38 10 -7.990323e-13
38 11 -4.838535e-13
38 12 -2.793186e-13
38 13 -1.537157e-13
38 14 -8.064255e-14
38 15 -4.033046e-14
38 16 -1.922737e-14
38 17 -8.738138e-15
38 18 -3.785510e-15
38 19 -1.563258e-15
38 20 -6.153625e-16
38 21 -2.308976e-16
38 22 -8.258267e-17
38 23 -2.815352e-17
38 24 -9.148372e-18
38 25 -2.833445e-18
38 26 -8.364472e-19
38 27 -2.353462e-19
38 28 -6.311221e-20
38 29 -1.613055e-20
38 30 -3.929226e-21
38 31 -9.121762e-22
38 32 -2.018164e-22
38 33 -4.255322e-23
38 34 -8.550637e-24
38 35 -1.637369e-24
38 36 -2.987920e-25
38 37 -5.195861e-26
38 38 -8.610026e-27
38 39 -1.359571e-27
38 40 -2.045701e-28
38 41 -2.933036e-29
38 42 -4.007008e-30
38 43 -5.216065e-31
38 44 -6.469614e-32
38 45 -7.645732e-33
38 46 -8.609105e-34
38 47 -9.236090e-35
38 48 -9.440667e-36
38 49 -9.193794e-37
38 50 -8.530175e-38
38 51 -7.540250e-39
38 52 -6.349974e-40
38 53 -5.094603e-41
38 54 -3.893993e-42
38 55 -2.835440e-43
38 56 -1.966892e-44
38 57 -1.299781e-45
38 58 -8.182462e-47
38 59 -4.907009e-48
38 60 -2.803262e-49
38 61 -1.525526e-50
38 62 -7.908249e-52
38 63 4.058934e+03
38 64 -0.000000e+00

39 0 -0.000000e+00
39 1 -5.648049e+02
39 2 -1.291979e-12
39 3 -1.146375e-12
39 4 -9.696739e-13
39 5 -7.819002e-13
39 6 -6.010387e-13
39 7 -4.404306e-13
39 8 -3.076627e-13
39 9 -2.048766e-13
39 10 -1.300552e-13
39 11 -7.870072e-14
39 12 -4.539857e-14
39 13 -2.496405e-14
39 14 -1.308562e-14
39 15 -6.538466e-15
39 16 -3.114270e-15
39 17 -1.413941e-15
39 18 -6.119224e-16
39 19 -2.524336e-16
39 20 -9.926106e-17
39 21 -3.720372e-17
39 22 -1.329120e-17
39 23 -4.525924e-18
39 24 -1.468958e-18
39 25 -4.544281e-19
39 26 -1.339887e-19
39 27 -3.765412e-20
39 28 -1.008536e-20
39 29 -2.574534e-21
39 30 -6.263648e-22
39 31 -1.452349e-22
39 32 -3.209388e-23
39 33 -6.758878e-24
39 34 -1.356503e-24
39 35 -2.594501e-25
39 36 -4.728969e-26
39 37 -8.213941e-27
39 38 -1.359571e-27
39 39 -2.144422e-28
39 40 -3.223068e-29
39 41 -4.616070e-30
39 42 -6.299582e-31
39 43 -8.191823e-32
39 44 -1.015013e-32
39 45 -1.198335e-33
39 46 -1.348011e-34
39 47 -1.444809e-35
39 48 -1.475442e-36
39 49 -1.435564e-37
39 50 -1.330775e-38
39 51 -1.175336e-39
39 52 -9.889835e-41
39 53 -7.928280e-42
39 54 -6.055166e-43
39 55 -4.405795e-44
39 56 -3.053993e-45
39 57 -2.016749e-46
39 58 -1.268732e-47
39 59 -7.603564e-49
39 60 -4.340988e-50
39 61 -2.360907e-51
39 62 -1.223160e-52
39 63 4.465195e+03
39 64 -0.000000e+00

40 0 -0.000000e+00
40 1 -6.250000e+02
40 2 -2.007059e-13
40 3 -1.780580e-13
40 4 -1.505785e-13
40 5 -1.213847e-13
40 6 -9.327458e-14
40 7 -6.832196e-14
40 8 -4.770389e-14
40 9 -3.174991e-14
40 10 -2.014303e-14
40 11 -1.218145e-14
40 12 -7.022036e-15
40 13 -3.858470e-15
40 14 -2.020937e-15
40 15 -1.008959e-15
40 16 -4.801470e-16
40 17 -2.177973e-16
40 18 -9.416834e-17
40 19 -3.880862e-17
40 20 -1.524469e-17
40 21 -5.707850e-18
40 22 -2.036976e-18
40 23 -6.928740e-19
40 24 -2.246329e-19
40 25 -6.941265e-20
40 26 -2.044302e-20
40 27 -5.738360e-21
40 28 -1.535188e-21
40 29 -3.914360e-22
40 30 -9.512179e-23
40 31 -2.202996e-23
40 32 -4.862456e-24
40 33 -1.022823e-24
40 34 -2.050412e-25
40 35 -3.917168e-26
40 36 -7.131600e-27
40 37 -1.237312e-27
40 38 -2.045701e-28
40 39 -3.223068e-29
40 40 -4.838988e-30
40 41 -6.922944e-31
40 42 -9.437815e-32
40 43 -1.225999e-32
40 44 -1.517538e-33
40 45 -1.789839e-34
40 46 -2.011435e-35
40 47 -2.153821e-36
40 48 -2.197445e-37
40 49 -2.136117e-38
40 50 -1.978445e-39
40 51 -1.745857e-40
40 52 -1.467821e-41
40 53 -1.175739e-42
40 54 -8.972553e-44
40 55 -6.523532e-45
40 56 -4.518615e-46
40 57 -2.981796e-47
40 58 -1.874542e-48
40 59 -1.122668e-49
40 60 -6.405328e-51
40 61 -3.481449e-52
40 62 -1.802613e-53
40 63 4.879000e+03
40 64 -0.000000e+00

41 0 -0.000000e+00
41 1 -6.898831e+02
41 2 -2.966337e-14
41 3 -2.631222e-14
41 4 -2.224687e-14
41 5 -1.792894e-14
41 6 -1.377254e-14
41 7 -1.008432e-14
41 8 -7.038037e-15
41 9 -4.681967e-15
41 10 -2.968766e-15
41 11 -1.794293e-15
41 12 -1.033664e-15
41 13 -5.675878e-16
41 14 -2.970657e-16
41 15 -1.481959e-16
41 16 -7.046648e-17
41 17 -3.193665e-17
41 18 -1.379605e-17
41 19 -5.680364e-18
41 20 -2.229212e-18
41 21 -8.338295e-19
41 22 -2.972701e-19
41 23 -1.010114e-19
41 24 -3.271378e-20
41 25 -1.009786e-20
41 26 -2.970724e-21
41 27 -8.329629e-22
41 28 -2.225950e-22
41 29 -5.669268e-23
41 30 -1.376119e-23
41 31 -3.183449e-24
41 32 -7.018554e-25
41 33 -1.474688e-25
41 34 -2.952911e-26
41 35 -5.634984e-27
41 36 -1.024759e-27
41 37 -1.775955e-28
41 38 -2.933036e-29
41 39 -4.616070e-30
41 40 -6.922944e-31
41 41 -9.893881e-32
41 42 -1.347392e-32
41 43 -1.748503e-33
41 44 -2.162110e-34
41 45 -2.547545e-35
41 46 -2.860175e-36
41 47 -3.059733e-37
41 48 -3.118807e-38
41 49 -3.029013e-39
41 50 -2.802951e-40
41 51 -2.471299e-41
41 52 -2.075986e-42
41 53 -1.661525e-43
41 54 -1.266971e-44
41 55 -9.204448e-46
41 56 -6.370809e-47
41 57 -4.200987e-48
41 58 -2.639140e-49
41 59 -1.579510e-50
41 60 -9.005869e-52
41 61 -4.891781e-53
41 62 -2.531287e-54
41 63 5.300117e+03
41 64 -0.000000e+00

42 0 -0.000000e+00
42 1 -7.596914e+02
42 2 -4.171239e-15
42 3 -3.699496e-15
42 4 -3.127310e-15
42 5 -2.519708e-15
42 6 -1.934996e-15
42 7 -1.416316e-15
42 8 -9.880768e-16
42 9 -6.570086e-16
42 10 -4.163907e-16
42 11 -2.515243e-16
42 12 -1.448130e-16
42 13 -7.946632e-17
42 14 -4.156290e-17
42 15 -2.071930e-17
42 16 -9.844408e-18
42 17 -4.458087e-18
42 18 -1.924202e-18
42 19 -7.915791e-19
42 20 -3.103689e-19
42 21 -1.159846e-19
42 22 -4.131038e-20
42 23 -1.402337e-20
42 24 -4.537091e-21
42 25 -1.399047e-21
42 26 -4.111628e-22
42 27 -1.151647e-22
42 28 -3.074296e-23
42 29 -7.821490e-24
42 30 -1.896475e-24
42 31 -4.382432e-25
42 32 -9.651378e-26
42 33 -2.025656e-26
42 34 -4.051722e-27
42 35 -7.723371e-28
42 36 -1.403016e-28
42 37 -2.428858e-29
42 38 -4.007008e-30
42 39 -6.299582e-31
42 40 -9.437815e-32
42 41 -1.347392e-32
42 42 -1.833047e-33
42 43 -2.376319e-34
42 44 -2.935498e-35
42 45 -3.455404e-36
42 46 -3.875700e-37
42 47 -4.142186e-38
42 48 -4.218242e-39
42 49 -4.093076e-40
42 50 -3.784238e-41
42 51 -3.333586e-42
42 52 -2.797972e-43
42 53 -2.237524e-44
42 54 -1.704821e-45
42 55 -1.237573e-46
42 56 -8.559292e-48
42 57 -5.639938e-49
42 58 -3.540582e-50
42 59 -2.117548e-51
42 60 -1.206548e-52
42 61 -6.549427e-54
42 62 -3.386914e-55
42 63 5.728309e+03
42 64 -0.000000e+00

43 0 -0.000000e+00
43 1 -8.346682e+02
43 2 -5.581108e-16
43 3 -4.949290e-16
43 4 -4.183063e-16
43 5 -3.369574e-16
43 6 -2.586931e-16
43 7 -1.892884e-16
43 8 -1.320056e-16
43 9 -8.773857e-17
43 10 -5.557995e-17
43 11 -3.355640e-17
43 12 -1.930911e-17
43 13 -1.058958e-17
43 14 -5.535086e-18
43 15 -2.757398e-18
43 16 -1.309193e-18
43 17 -5.924291e-19
43 18 -2.555038e-19
43 19 -1.050233e-19
43 20 -4.114349e-20
43 21 -1.536181e-20
43 22 -5.466488e-21
43 23 -1.853951e-21
43 24 -5.992529e-22
43 25 -1.846047e-22
43 26 -5.419937e-23
43 27 -1.516570e-23
43 28 -4.044320e-24
43 29 -1.027876e-24
43 30 -2.489692e-25
43 31 -5.747211e-26
43 32 -1.264365e-26
43 33 -2.650868e-27
43 34 -5.296643e-28
43 35 -1.008571e-28
43 36 -1.830213e-29
43 37 -3.165059e-30
43 38 -5.216065e-31
43 39 -8.191823e-32
43 40 -1.225999e-32
43 41 -1.748503e-33
43 42 -2.376319e-34
43 43 -3.077515e-35
43 44 -3.797932e-36
43 45 -4.466226e-37
43 46 -5.004667e-38
43 47 -5.343738e-39
43 48 -5.436821e-40
43 49 -5.270710e-41
43 50 -4.868686e-42
43 51 -4.285163e-43
43 52 -3.593602e-44
43 53 -2.871402e-45
43 54 -2.186018e-46
43 55 -1.585635e-47
43 56 -1.095814e-48
43 57 -7.215214e-50
43 58 -4.526207e-51
43 59 -2.705123e-52
43 60 -1.540286e-53
43 61 -8.355498e-55
43 62 -4.318116e-56
43 63 6.163332e+03
43 64 -0.000000e+00

44 0 -0.000000e+00
44 1 -9.150625e+02
44 2 -7.105765e-17
44 3 -6.300605e-17
44 4 -5.324299e-17
44 5 -4.287970e-17
44 6 -3.291169e-17
44 7 -2.407456e-17
44 8 -1.678327e-17
44 9 -1.115078e-17
44 10 -7.060648e-18
44 11 -4.260840e-18
44 12 -2.450517e-18
44 13 -1.343174e-18
44 14 -7.016480e-19
44 15 -3.493167e-19
44 16 -1.657420e-19
44 17 -7.494790e-20
44 18 -3.229981e-20
44 19 -1.326643e-20
44 20 -5.193045e-21
44 21 -1.937330e-21
44 22 -6.888083e-22
44 23 -2.334027e-22
44 24 -7.537473e-23
44 25 -2.319835e-23
44 26 -6.804539e-24
44 27 -1.902172e-24
44 28 -5.067674e-25
44 29 -1.286690e-25
44 30 -3.113464e-26
44 31 -7.179865e-27
44 32 -1.577935e-27
44 33 -3.304910e-28
44 34 -6.596679e-29
44 35 -1.254826e-29
44 36 -2.274733e-30
44 37 -3.929735e-31
44 38 -6.469614e-32
44 39 -1.015013e-32
44 40 -1.517538e-33
44 41 -2.162110e-34
44 42 -2.935498e-35
44 43 -3.797932e-36
44 44 -4.682409e-37
44 45 -5.501022e-38
44 46 -6.158349e-39
44 47 -6.569421e-40
44 48 -6.677695e-41
44 49 -6.467812e-42
44 50 -5.969173e-43
44 51 -5.249181e-44
44 52 -4.398291e-45
44 53 -3.511446e-46
44 54 -2.671111e-47
44 55 -1.935960e-48
44 56 -1.336883e-49
44 57 -8.795851e-51
44 58 -5.513711e-52
44 59 -3.292958e-53
44 60 -1.873696e-54
44 61 -1.015728e-55
44 62 -5.245844e-57
44 63 6.604938e+03
44 64 -0.000000e+00

45 0 -0.000000e+00
45 1 -1.001129e+03
45 2 -8.609120e-18
45 3 -7.632782e-18
45 4 -6.449067e-18
45 5 -5.192797e-18
45 6 -3.984708e-18
45 7 -2.913955e-18
45 8 -2.030772e-18
45 9 -1.348752e-18
45 10 -8.536822e-19
45 11 -5.149373e-19
45 12 -2.960107e-19
45 13 -1.621646e-19
45 14 -8.466448e-20
45 15 -4.212537e-20
45 16 -1.997489e-20
45 17 -9.026597e-21
45 18 -3.887436e-21
45 19 -1.595522e-21
45 20 -6.240844e-22
45 21 -2.326404e-22
45 22 -8.264732e-23
45 23 -2.798171e-23
45 24 -9.028632e-24
45 25 -2.776333e-24
45 26 -8.136226e-25
45 27 -2.272353e-25
45 28 -6.048244e-26
45 29 -1.534203e-26
45 30 -3.708816e-27
45 31 -8.544475e-28
45 32 -1.875995e-28
45 33 -3.925297e-29
45 34 -7.827193e-30
45 35 -1.487407e-30
45 36 -2.693654e-31
45 37 -4.648782e-32
45 38 -7.645732e-33
45 39 -1.198335e-33
45 40 -1.789839e-34
45 41 -2.547545e-35
45 42 -3.455404e-36
45 43 -4.466226e-37
45 44 -5.501022e-38
45 45 -6.456580e-39
45 46 -7.221272e-40
45 47 -7.696128e-41
45 48 -7.815800e-42
45 49 -7.563318e-43
45 50 -6.974033e-44
45 51 -6.127499e-45
45 52 -5.129852e-46
45 53 -4.092075e-47
45 54 -3.110241e-48
45 55 -2.252428e-49
45 56 -1.554206e-50
45 57 -1.021791e-51
45 58 -6.400375e-53
45 59 -3.819736e-54
45 60 -2.171903e-55
45 61 -1.176580e-56
45 62 -6.072544e-58
45 63 7.052871e+03
45 64 -0.000000e+00

46 0 -0.000000e+00
46 1 -1.093129e+03
46 2 -9.926247e-19
46 3 -8.799645e-19
46 4 -7.433918e-19
46 5 -5.984712e-19
46 6 -4.591370e-19
46 7 -3.356722e-19
46 8 -2.338641e-19
46 9 -1.552700e-19
46 10 -9.823995e-20
46 11 -5.923340e-20
46 12 -3.403487e-20
46 13 -1.863638e-20
46 14 -9.724792e-21
46 15 -4.835948e-21
46 16 -2.291746e-21
46 17 -1.034991e-21
46 18 -4.454433e-22
46 19 -1.826988e-22
46 20 -7.141136e-23
46 21 -2.660041e-23
46 22 -9.442776e-24
46 23 -3.194495e-24
46 24 -1.029904e-24
46 25 -3.164343e-25
46 26 -9.265381e-26
46 27 -2.585450e-26
46 28 -6.875468e-27
46 29 -1.742454e-27
46 30 -4.208365e-28
46 31 -9.686294e-29
46 32 -2.124679e-29
46 33 -4.441397e-30
46 34 -8.847798e-31
46 35 -1.679727e-31
46 36 -3.038983e-32
46 37 -5.239648e-33
46 38 -8.609105e-34
46 39 -1.348011e-34
46 40 -2.011435e-35
46 41 -2.860175e-36
46 42 -3.875700e-37
46 43 -5.004667e-38
46 44 -6.158349e-39
46 45 -7.221272e-40
46 46 -8.068993e-41
46 47 -8.591662e-42
46 48 -8.717316e-43
46 49 -8.428140e-44
46 50 -7.764606e-45
46 51 -6.816180e-46
46 52 -5.701534e-47
46 53 -4.544294e-48
46 54 -3.451120e-49
46 55 -2.497282e-50
46 56 -1.721804e-51
46 57 -1.131106e-52
46 58 -7.079794e-54
46 59 -4.222121e-55
46 60 -2.398988e-56
46 61 -1.298696e-57
46 62 -6.698281e-59
46 63 7.506871e+03
46 64 -0.000000e+00

47 0 -0.000000e+00
47 1 -1.191328e+03
47 2 -1.089203e-19
47 3 -9.654908e-20
47 4 -8.155367e-20
47 5 -6.564408e-20
47 6 -5.035065e-20
47 7 -3.680211e-20
47 8 -2.563300e-20
47 9 -1.701321e-20
47 10 -1.076055e-20
47 11 -6.485524e-21
47 12 -3.724943e-21
47 13 -2.038729e-21
47 14 -1.063326e-21
47 15 -5.284955e-22
47 16 -2.503146e-22
47 17 -1.129803e-22
47 18 -4.859505e-23
47 19 -1.991848e-23
47 20 -7.780302e-24
47 21 -2.896106e-24
47 22 -1.027333e-24
47 23 -3.472873e-25
47 24 -1.118789e-25
47 25 -3.434711e-26
47 26 -1.004884e-26
47 27 -2.801732e-27
47 28 -7.444277e-28
47 29 -1.884970e-28
47 30 -4.548544e-29
47 31 -1.045988e-29
47 32 -2.292278e-30
47 33 -4.787336e-31
47 34 -9.528090e-32
47 35 -1.807184e-32
47 36 -3.266499e-33
47 37 -5.626586e-34
47 38 -9.236090e-35
47 39 -1.444809e-35
47 40 -2.153821e-36
47 41 -3.059733e-37
47 42 -4.142186e-38
47 43 -5.343738e-39
47 44 -6.569421e-40
47 45 -7.696128e-41
47 46 -8.591662e-42
47 47 -9.139831e-43
47 48 -9.265128e-44
47 49 -8.949791e-45
47 50 -8.237934e-46
47 51 -7.225424e-47
47 52 -6.038700e-48
47 53 -4.808991e-49
47 54 -3.649136e-50
47 55 -2.638438e-51
47 56 -1.817688e-52
47 57 -1.193171e-53
47 58 -7.462618e-55
47 59 -4.447134e-56
47 60 -2.525016e-57
47 61 -1.365960e-58
47 62 -7.040385e-60
47 63 7.966672e+03
47 64 -0.000000e+00

48 0 -0.000000e+00
48 1 -1.296000e+03
48 2 -1.137492e-20
48 3 -1.008206e-20
48 4 -8.515133e-21
48 5 -6.852911e-21
48 6 -5.255343e-21
48 7 -3.840345e-21
48 8 -2.674137e-21
48 9 -1.774364e-21
48 10 -1.121885e-21
48 11 -6.759305e-22
48 12 -3.880660e-22
48 13 -2.123051e-22
48 14 -1.106798e-22
48 15 -5.498333e-23
48 16 -2.602858e-23
48 17 -1.174164e-23
48 18 -5.047393e-24
48 19 -2.067607e-24
48 20 -8.071113e-25
48 21 -3.002375e-25
48 22 -1.064301e-25
48 23 -3.595291e-26
48 24 -1.157378e-26
48 25 -3.550499e-27
48 26 -1.037955e-27
48 27 -2.891635e-28
48 28 -7.676899e-29
48 29 -1.942256e-29
48 30 -4.682811e-30
48 31 -1.075937e-30
48 32 -2.355848e-31
48 33 -4.915739e-32
48 34 -9.774873e-33
48 35 -1.852312e-33
48 36 -3.345011e-34
48 37 -5.756530e-35
48 38 -9.440667e-36
48 39 -1.475442e-36
48 40 -2.197445e-37
48 41 -3.118807e-38
48 42 -4.218242e-39
48 43 -5.436821e-40
48 44 -6.677695e-41
48 45 -7.815800e-42
48 46 -8.717316e-43
48 47 -9.265128e-44
48 48 -9.383740e-45
48 49 -9.056343e-46
48 50 -8.328721e-47
48 51 -7.298747e-48
48 52 -6.094790e-49
48 53 -4.849593e-50
48 54 -3.676913e-51
48 55 -2.656370e-52
48 56 -1.828589e-53
48 57 -1.199392e-54
48 58 -7.495809e-56
48 59 -4.463582e-57
48 60 -2.532509e-58
48 61 -1.369039e-59
48 62 -7.051356e-61
48 63 8.432000e+03
48 64 -0.000000e+00

49 0 -0.000000e+00
49 1 -1.407422e+03
49 2 -1.130628e-21
49 3 -1.002041e-21
49 4 -8.462090e-22
49 5 -6.809221e-22
49 6 -5.220901e-22
49 7 -3.814370e-22
49 8 -2.655403e-22
49 9 -1.761448e-22
49 10 -1.113377e-22
49 11 -6.705776e-23
49 12 -3.848507e-23
49 13 -2.104620e-23
49 14 -1.096718e-23
49 15 -5.445762e-24
49 16 -2.576714e-24
49 17 -1.161770e-24
49 18 -4.991399e-25
49 19 -2.043502e-25
49 20 -7.972249e-26
49 21 -2.963751e-26
49 22 -1.049929e-26
49 23 -3.544356e-27
49 24 -1.140188e-27
49 25 -3.495258e-28
49 26 -1.021051e-28
49 27 -2.842387e-29
49 28 -7.540289e-30
49 29 -1.906178e-30
49 30 -4.592097e-31
49 31 -1.054222e-31
49 32 -2.306361e-32
49 33 -4.808371e-33
49 34 -9.553104e-34
49 35 -1.808704e-34
49 36 -3.263374e-35
49 37 -5.611032e-36
49 38 -9.193794e-37
49 39 -1.435564e-37
49 40 -2.136117e-38
49 41 -3.029013e-39
49 42 -4.093076e-40
49 43 -5.270710e-41
49 44 -6.467812e-42
49 45 -7.563318e-43
49 46 -8.428140e-44
49 47 -8.949791e-45
49 48 -9.056343e-46
49 49 -8.732701e-47
49 50 -8.024107e-48
49 51 -7.025767e-49
49 52 -5.861866e-50
49 53 -4.660357e-51
49 54 -3.530527e-52
49 55 -2.548547e-53
49 56 -1.752969e-54
49 57 -1.148892e-55
49 58 -7.174699e-57
49 59 -4.269158e-58
49 60 -2.420417e-59
49 61 -1.307503e-60
49 62 -6.729681e-62
49 63 8.902578e+03
49 64 -0.000000e+00

50 0 -0.000000e+00
50 1 -1.525879e+03
50 2 -1.069643e-22
50 3 -9.479186e-23
50 4 -8.004182e-23
50 5 -6.439871e-23
50 6 -4.936878e-23
50 7 -3.606150e-23
50 8 -2.509878e-23
50 9 -1.664485e-23
50 10 -1.051786e-23
50 11 -6.332817e-24
50 12 -3.633206e-24
50 13 -1.986135e-24
50 14 -1.034559e-24
50 15 -5.134894e-25
50 16 -2.428509e-25
50 17 -1.094416e-25
50 18 -4.699613e-26
50 19 -1.923007e-26
50 20 -7.497932e-27
50 21 -2.785777e-27
50 22 -9.862749e-28
50 23 -3.327353e-28
50 24 -1.069674e-28
50 25 -3.276861e-29
50 26 -9.565796e-30
50 27 -2.660987e-30
50 28 -7.053836e-31
50 29 -1.781848e-31
50 30 -4.289244e-32
50 31 -9.839142e-33
50 32 -2.150808e-33
50 33 -4.480387e-34
50 34 -8.894055e-35
50 35 -1.682502e-35
50 36 -3.033078e-36
50 37 -5.210559e-37
50 38 -8.530175e-38
50 39 -1.330775e-38
50 40 -1.978445e-39
50 41 -2.802951e-40
50 42 -3.784238e-41
50 43 -4.868686e-42
50 44 -5.969173e-43
50 45 -6.974033e-44
50 46 -7.764606e-45
50 47 -8.237934e-46
50 48 -8.328721e-47
50 49 -8.024107e-48
50 50 -7.366662e-49
50 51 -6.444620e-50
50 52 -5.372457e-51
50 53 -4.267704e-52
50 54 -3.230408e-53
50 55 -2.330014e-54
50 56 -1.601376e-55
50 57 -1.048716e-56
50 58 -6.544062e-58
50 59 -3.890968e-59
50 60 -2.204366e-60
50 61 -1.189929e-61
50 62 -6.120183e-63
50 63 9.378121e+03
50 64 -0.000000e+00

51 0 -0.000000e+00
51 1 -1.651660e+03
51 2 -9.632069e-24
51 3 -8.535341e-24
51 4 -7.206484e-24
51 5 -5.797328e-24
51 6 -4.443601e-24
51 7 -3.245235e-24
51 8 -2.258199e-24
51 9 -1.497217e-24
51 10 -9.458354e-25
51 11 -5.693195e-25
51 12 -3.265189e-25
51 13 -1.784327e-25
51 14 -9.290870e-26
51 15 -4.609529e-26
51 16 -2.179101e-26
51 17 -9.815703e-27
51 18 -4.212996e-27
51 19 -1.723015e-27
51 20 -6.714568e-28
51 21 -2.493336e-28
51 22 -8.822266e-29
51 23 -2.974532e-29
51 24 -9.556508e-30
51 25 -2.925664e-30
51 26 -8.534873e-31
51 27 -2.372573e-31
51 28 -6.284845e-32
51 29 -1.586443e-32
51 30 -3.816026e-33
51 31 -8.746968e-34
51 32 -1.910579e-34
51 33 -3.976818e-35
51 34 -7.888075e-36
51 35 -1.490983e-36
51 36 -2.685602e-37
51 37 -4.609768e-38
51 38 -7.540250e-39
51 39 -1.175336e-39
51 40 -1.745857e-40
51 41 -2.471299e-41
51 42 -3.333586e-42
51 43 -4.285163e-43
51 44 -5.249181e-44
51 45 -6.127499e-45
51 46 -6.816180e-46
51 47 -7.225424e-47
51 48 -7.298747e-48
51 49 -7.025767e-49
51 50 -6.444620e-50
51 51 -5.633214e-51
51 52 -4.692106e-52
51 53 -3.724164e-53
51 54 -2.816669e-54
51 55 -2.029950e-55
51 56 -1.394035e-56
51 57 -9.122137e-58
51 58 -5.687879e-59
51 59 -3.379329e-60
51 60 -1.913077e-61
51 61 -1.031934e-62
51 62 -5.303766e-64
51 63 9.858340e+03
51 64 -0.000000e+00

52 0 -0.000000e+00
52 1 -1.785062e+03
52 2 -8.256115e-25
52 3 -7.315568e-25
52 4 -6.176038e-25
52 5 -4.967779e-25
52 6 -3.807200e-25
52 7 -2.779979e-25
52 8 -1.934064e-25
52 9 -1.282022e-25
52 10 -8.096857e-26
52 11 -4.872323e-26
52 12 -2.793548e-26
52 13 -1.526085e-26
52 14 -7.943396e-27
52 15 -3.939498e-27
52 16 -1.861595e-27
52 17 -8.381888e-28
52 18 -3.595949e-28
52 19 -1.469952e-28
52 20 -5.725499e-29
52 21 -2.124942e-29
52 22 -7.514627e-30
52 23 -2.532196e-30
52 24 -8.130544e-31
52 25 -2.487582e-31
52 26 -7.252263e-32
52 27 -2.014703e-32
52 28 -5.333256e-33
52 29 -1.345305e-33
52 30 -3.233691e-34
52 31 -7.406759e-35
52 32 -1.616636e-35
52 33 -3.362429e-36
52 34 -6.664269e-37
52 35 -1.258672e-37
52 36 -2.265347e-38
52 37 -3.885267e-39
52 38 -6.349974e-40
52 39 -9.889835e-41
52 40 -1.467821e-41
52 41 -2.075986e-42
52 42 -2.797972e-43
52 43 -3.593602e-44
52 44 -4.398291e-45
52 45 -5.129852e-46
52 46 -5.701534e-47
52 47 -6.038700e-48
52 48 -6.094790e-49
52 49 -5.861866e-50
52 50 -5.372457e-51
52 51 -4.692106e-52
52 52 -3.904972e-53
52 53 -3.096854e-54
52 54 -2.340308e-55
52 55 -1.685280e-56
52 56 -1.156416e-57
52 57 -7.561282e-59
52 58 -4.710995e-60
52 59 -2.796800e-61
52 60 -1.582115e-62
52 61 -8.527813e-64
52 62 -4.379819e-65
52 63 1.034294e+04
52 64 -0.000000e+00

53 0 -0.000000e+00
53 1 -1.926387e+03
53 2 -6.736274e-26
53 3 -5.968496e-26
53 4 -5.038355e-26
53 5 -4.052212e-26
53 6 -3.105103e-26
53 7 -2.266946e-26
53 8 -1.576846e-26
53 9 -1.045013e-26
53 10 -6.598421e-27
53 11 -3.969594e-27
53 12 -2.275317e-27
53 13 -1.242596e-27
53 14 -6.465646e-28
53 15 -3.205463e-28
53 16 -1.514150e-28
53 17 -6.814734e-29
53 18 -2.922361e-29
53 19 -1.194061e-29
53 20 -4.648682e-30
53 21 -1.724436e-30
53 22 -6.095102e-31
53 23 -2.052745e-31
53 24 -6.587373e-32
53 25 -2.014261e-32
53 26 -5.868794e-33
53 27 -1.629351e-33
53 28 -4.310386e-34
53 29 -1.086567e-34
53 30 -2.609987e-35
53 31 -5.973997e-36
53 32 -1.302983e-36
53 33 -2.708087e-37
53 34 -5.363383e-38
53 35 -1.012208e-38
53 36 -1.820360e-39
53 37 -3.119634e-40
53 38 -5.094603e-41
53 39 -7.928280e-42
53 40 -1.175739e-42
53 41 -1.661525e-43
53 42 -2.237524e-44
53 43 -2.871402e-45
53 44 -3.511446e-46
53 45 -4.092075e-47
53 46 -4.544294e-48
53 47 -4.808991e-49
53 48 -4.849593e-50
53 49 -4.660357e-51
53 50 -4.267704e-52
53 51 -3.724164e-53
53 52 -3.096854e-54
53 53 -2.453962e-55
53 54 -1.852966e-56
53 55 -1.333267e-57
53 56 -9.141421e-59
53 57 -5.972468e-60
53 58 -3.718212e-61
53 59 -2.205723e-62
53 60 -1.246811e-63
53 61 -6.715507e-65
53 62 -3.446525e-66
53 63 1.083161e+04
53 64 -0.000000e+00

54 0 -0.000000e+00
54 1 -2.075941e+03
54 2 -5.231946e-27
54 3 -4.635354e-27
54 4 -3.912652e-27
54 5 -3.146508e-27
54 6 -2.410775e-27
54 7 -1.759770e-27
54 8 -1.223848e-27
54 9 -8.109117e-28
54 10 -5.119120e-28
54 11 -3.078894e-28
54 12 -1.764306e-28
54 13 -9.632410e-29
54 14 -5.010491e-29
54 15 -2.483203e-29
54 16 -1.172556e-29
54 17 -5.275302e-30
54 18 -2.261289e-30
54 19 -9.235548e-31
54 20 -3.593937e-31
54 21 -1.332547e-31
54 22 -4.707628e-32
54 23 -1.584647e-32
54 24 -5.082495e-33
54 25 -1.553241e-33
54 26 -4.522949e-34
54 27 -1.254957e-34
54 28 -3.317899e-35
54 29 -8.358499e-36
54 30 -2.006446e-36
54 31 -4.589482e-37
54 32 -1.000322e-37
54 33 -2.077588e-38
54 34 -4.111731e-39
54 35 -7.754228e-40
54 36 -1.393488e-40
54 37 -2.386281e-41
54 38 -3.893993e-42
54 39 -6.055166e-43
54 40 -8.972553e-44
54 41 -1.266971e-44
54 42 -1.704821e-45
54 43 -2.186018e-46
54 44 -2.671111e-47
54 45 -3.110241e-48
54 46 -3.451120e-49
54 47 -3.649136e-50
54 48 -3.676913e-51
54 49 -3.530527e-52
54 50 -3.230408e-53
54 51 -2.816669e-54
54 52 -2.340308e-55
54 53 -1.852966e-56
54 54 -1.398032e-57
54 55 -1.005123e-58
54 56 -6.886072e-60
54 57 -4.495428e-61
54 58 -2.796499e-62
54 59 -1.657674e-63
54 60 -9.363129e-65
54 61 -5.039371e-66
54 62 -2.584410e-67
54 63 1.132406e+04
54 64 -0.000000e+00

55 0 -0.000000e+00
55 1 -2.234039e+03
55 2 -3.868274e-28
55 3 -3.426992e-28
55 4 -2.892464e-28
55 5 -2.325854e-28
55 6 -1.781795e-28
55 7 -1.300454e-28
55 8 -9.042638e-29
55 9 -5.990456e-29
55 10 -3.780863e-29
55 11 -2.273475e-29
55 12 -1.302445e-29
55 13 -7.108881e-30
55 14 -3.696730e-30
55 15 -1.831519e-30
55 16 -8.645404e-31
55 17 -3.888139e-31
55 18 -1.666034e-31
55 19 -6.801659e-32
55 20 -2.645682e-32
55 21 -9.805181e-33
55 22 -3.462359e-33
55 23 -1.164904e-33
55 24 -3.734340e-34
55 25 -1.140634e-34
55 26 -3.319639e-35
55 27 -9.205581e-36
55 28 -2.432377e-36
55 29 -6.123975e-37
55 30 -1.469136e-37
55 31 -3.358307e-38
55 32 -7.314953e-39
55 33 -1.518234e-39
55 34 -3.002654e-40
55 35 -5.658665e-41
55 36 -1.016173e-41
55 37 -1.738877e-42
55 38 -2.835440e-43
55 39 -4.405795e-44
55 40 -6.523532e-45
55 41 -9.204448e-46
55 42 -1.237573e-46
55 43 -1.585635e-47
55 44 -1.935960e-48
55 45 -2.252428e-49
55 46 -2.497282e-50
55 47 -2.638438e-51
55 48 -2.656370e-52
55 49 -2.548547e-53
55 50 -2.330014e-54
55 51 -2.029950e-55
55 52 -1.685280e-56
55 53 -1.333267e-57
55 54 -1.005123e-58
55 55 -7.220650e-60
55 56 -4.942948e-61
55 57 -3.224379e-62
55 58 -2.004258e-63
55 59 -1.187150e-64
55 60 -6.700379e-66
55 61 -3.603553e-67
55 62 -1.846703e-68
55 63 1.181996e+04
55 64 -0.000000e+00

56 0 -0.000000e+00
56 1 -2.401000e+03
56 2 -2.722651e-29
56 3 -2.411934e-29
56 4 -2.035583e-29
56 5 -1.636678e-29
56 6 -1.253687e-29
56 7 -9.148879e-30
56 8 -6.360640e-30
56 9 -4.212979e-30
56 10 -2.658490e-30
56 11 -1.598232e-30
56 12 -9.153896e-31
56 13 -4.994999e-31
56 14 -2.596752e-31
56 15 -1.286157e-31
56 16 -6.069158e-32
56 17 -2.728580e-32
56 18 -1.168750e-32
56 19 -4.769648e-33
56 20 -1.854531e-33
56 21 -6.870183e-34
56 22 -2.424891e-34
56 23 -8.154723e-35
56 24 -2.612901e-35
56 25 -7.976953e-36
56 26 -2.320358e-36
56 27 -6.431031e-37
56 28 -1.698312e-37
56 29 -4.273356e-38
56 30 -1.024565e-38
56 31 -2.340624e-39
56 32 -5.095062e-40
56 33 -1.056809e-40
56 34 -2.088699e-41
56 35 -3.933606e-42
56 36 -7.059025e-43
56 37 -1.207092e-43
56 38 -1.966892e-44
56 39 -3.053993e-45
56 40 -4.518615e-46
56 41 -6.370809e-47
56 42 -8.559292e-48
56 43 -1.095814e-48
56 44 -1.336883e-49
56 45 -1.554206e-50
56 46 -1.721804e-51
56 47 -1.817688e-52
56 48 -1.828589e-53
56 49 -1.752969e-54
56 50 -1.601376e-55
56 51 -1.394035e-56
56 52 -1.156416e-57
56 53 -9.141421e-59
56 54 -6.886072e-60
56 55 -4.942948e-61
56 56 -3.381079e-62
56 57 -2.203826e-63
56 58 -1.368831e-64
56 59 -8.101588e-66
56 60 -4.569151e-67
56 61 -2.455517e-68
56 62 -1.257445e-69
56 63 1.231900e+04
56 64 -0.000000e+00

57 0 -0.000000e+00
57 1 -2.577149e+03
57 2 -1.824303e-30
57 3 -1.616030e-30
57 4 -1.363777e-30
57 5 -1.096427e-30
57 6 -8.397681e-31
57 7 -6.127501e-31
57 8 -4.259445e-31
57 9 -2.820783e-31
57 10 -1.779653e-31
57 11 -1.069674e-31
57 12 -6.125198e-32
57 13 -3.341517e-32
57 14 -1.736699e-32
57 15 -8.599338e-33
57 16 -4.056654e-33
57 17 -1.823208e-33
57 18 -7.806791e-34
57 19 -3.184786e-34
57 20 -1.237834e-34
57 21 -4.583766e-35
57 22 -1.617200e-35
57 23 -5.436132e-36
57 24 -1.741023e-36
57 25 -5.312649e-37
57 26 -1.544591e-37
57 27 -4.278735e-38
57 28 -1.129329e-38
57 29 -2.840095e-39
57 30 -6.805438e-40
57 31 -1.553795e-40
57 32 -3.380259e-41
57 33 -7.006934e-42
57 34 -1.383986e-42
57 35 -2.604740e-43
57 36 -4.671212e-44
57 37 -7.982345e-45
57 38 -1.299781e-45
57 39 -2.016749e-46
57 40 -2.981796e-47
57 41 -4.200987e-48
57 42 -5.639938e-49
57 43 -7.215214e-50
57 44 -8.795851e-51
57 45 -1.021791e-51
57 46 -1.131106e-52
57 47 -1.193171e-53
57 48 -1.199392e-54
57 49 -1.148892e-55
57 50 -1.048716e-56
57 51 -9.122137e-58
57 52 -7.561282e-59
57 53 -5.972468e-60
57 54 -4.495428e-61
57 55 -3.224379e-62
57 56 -2.203826e-63
57 57 -1.435368e-64
57 58 -8.908450e-66
57 59 -5.268556e-67
57 60 -2.969130e-68
57 61 -1.594455e-69
57 62 -8.159013e-71
57 63 1.282085e+04
57 64 -0.000000e+00

58 0 -0.000000e+00
58 1 -2.762816e+03
58 2 -1.163701e-31
58 3 -1.030799e-31
58 4 -8.698416e-32
58 5 -6.992636e-32
58 6 -5.355216e-32
58 7 -3.907054e-32
58 8 -2.715561e-32
58 9 -1.798079e-32
58 10 -1.134224e-32
58 11 -6.816026e-33
58 12 -3.902190e-33
58 13 -2.128297e-33
58 14 -1.105873e-33
58 15 -5.474314e-34
58 16 -2.581716e-34
58 17 -1.159964e-34
58 18 -4.965242e-35
58 19 -2.024881e-35
58 20 -7.867286e-36
58 21 -2.912192e-36
58 22 -1.027042e-36
58 23 -3.450908e-37
58 24 -1.104737e-37
58 25 -3.369521e-38
58 26 -9.791864e-39
58 27 -2.711154e-39
58 28 -7.152184e-40
58 29 -1.797722e-40
58 30 -4.305362e-41
58 31 -9.824354e-42
58 32 -2.136040e-42
58 33 -4.425167e-43
58 34 -8.735116e-44
58 35 -1.642972e-44
58 36 -2.944540e-45
58 37 -5.028451e-46
58 38 -8.182462e-47
58 39 -1.268732e-47
58 40 -1.874542e-48
58 41 -2.639140e-49
58 42 -3.540582e-50
58 43 -4.526207e-51
58 44 -5.513711e-52
58 45 -6.400375e-53
58 46 -7.079794e-54
58 47 -7.462618e-55
58 48 -7.495809e-56
58 49 -7.174699e-57
58 50 -6.544062e-58
58 51 -5.687879e-59
58 52 -4.710995e-60
58 53 -3.718212e-61
58 54 -2.796499e-62
58 55 -2.004258e-63
58 56 -1.368831e-64
58 57 -8.908450e-66
58 58 -5.524706e-67
58 59 -3.264893e-68
58 60 -1.838567e-69
58 61 -9.865940e-71
58 62 -5.044792e-72
58 63 1.332518e+04
58 64 -0.000000e+00

59 0 -0.000000e+00
59 1 -2.958340e+03
59 2 -7.066971e-33
59 3 -6.259611e-33
59 4 -5.281869e-33
59 5 -4.245754e-33
59 6 -3.251247e-33
59 7 -2.371777e-33
59 8 -1.648268e-33
59 9 -1.091223e-33
59 10 -6.882281e-34
59 11 -4.135101e-34
59 12 -2.366883e-34
59 13 -1.290645e-34
59 14 -6.704677e-35
59 15 -3.318126e-35
59 16 -1.564424e-35
59 17 -7.026927e-36
59 18 -3.006966e-36
59 19 -1.225877e-36
59 20 -4.761284e-37
59 21 -1.761826e-37
59 22 -6.211081e-38
59 23 -2.086125e-38
59 24 -6.675533e-39
59 25 -2.035204e-39
59 26 -5.911667e-40
59 27 -1.636048e-40
59 28 -4.313898e-41
59 29 -1.083767e-41
59 30 -2.594164e-42
59 31 -5.916420e-43
59 32 -1.285655e-43
59 33 -2.661936e-44
59 34 -5.251491e-45
59 35 -9.871503e-46
59 36 -1.768086e-46
59 37 -3.017496e-47
59 38 -4.907009e-48
59 39 -7.603564e-49
59 40 -1.122668e-49
59 41 -1.579510e-50
59 42 -2.117548e-51
59 43 -2.705123e-52
59 44 -3.292958e-53
59 45 -3.819736e-54
59 46 -4.222121e-55
59 47 -4.447134e-56
59 48 -4.463582e-57
59 49 -4.269158e-58
59 50 -3.890968e-59
59 51 -3.379329e-60
59 52 -2.796800e-61
59 53 -2.205723e-62
59 54 -1.657674e-63
59 55 -1.187150e-64
59 56 -8.101588e-66
59 57 -5.268556e-67
59 58 -3.264893e-68
59 59 -1.927973e-69
59 60 -1.084890e-70
59 61 -5.817297e-72
59 62 -2.972388e-73
59 63 1.383166e+04
59 64 -0.000000e+00

60 0 -0.000000e+00
60 1 -3.164062e+03
60 2 -4.085838e-34
60 3 -3.618909e-34
60 4 -3.053468e-34
60 5 -2.454308e-34
60 6 -1.879254e-34
60 7 -1.370768e-34
60 8 -9.525003e-35
60 9 -6.305084e-35
60 10 -3.975965e-35
60 11 -2.388483e-35
60 12 -1.366883e-35
60 13 -7.451992e-36
60 14 -3.870326e-36
60 15 -1.914958e-36
60 16 -9.026307e-37
60 17 -4.053245e-37
60 18 -1.733965e-37
60 19 -7.066848e-38
60 20 -2.743862e-38
60 21 -1.014970e-38
60 22 -3.576858e-39
60 23 -1.200913e-39
60 24 -3.841374e-40
60 25 -1.170659e-40
60 26 -3.398965e-41
60 27 -9.402417e-42
60 28 -2.478066e-42
60 29 -6.222582e-43
60 30 -1.488734e-43
60 31 -3.393564e-44
60 32 -7.370411e-45
60 33 -1.525205e-45
60 34 -3.007251e-46
60 35 -5.649629e-47
60 36 -1.011307e-47
60 37 -1.724897e-48
60 38 -2.803262e-49
60 39 -4.340988e-50
60 40 -6.405328e-51
60 41 -9.005869e-52
60 42 -1.206548e-52
60 43 -1.540286e-53
60 44 -1.873696e-54
60 45 -2.171903e-55
60 46 -2.398988e-56
60 47 -2.525016e-57
60 48 -2.532509e-58
60 49 -2.420417e-59
60 50 -2.204366e-60
60 51 -1.913077e-61
60 52 -1.582115e-62
60 53 -1.246811e-63
60 54 -9.363129e-65
60 55 -6.700379e-66
60 56 -4.569151e-67
60 57 -2.969130e-68
60 58 -1.838567e-69
60 59 -1.084890e-70
60 60 -6.100229e-72
60 61 -3.268583e-73
60 62 -1.668875e-74
60 63 1.433994e+04
60 64 -0.000000e+00

61 0 -0.000000e+00
61 1 -3.380332e+03
61 2 -2.249014e-35
61 3 -1.991921e-35
61 4 -1.680602e-35
61 5 -1.350737e-35
61 6 -1.034167e-35
61 7 -7.542687e-36
61 8 -5.240559e-36
61 9 -3.468542e-36
61 10 -2.186933e-36
61 11 -1.313545e-36
61 12 -7.515836e-37
61 13 -4.096704e-37
61 14 -2.127252e-37
61 15 -1.052284e-37
61 16 -4.958830e-38
61 17 -2.226180e-38
61 18 -9.520920e-39
61 19 -3.879166e-39
61 20 -1.505711e-39
61 21 -5.567909e-40
61 22 -1.961522e-40
61 23 -6.583369e-41
61 24 -2.105043e-41
61 25 -6.412618e-42
61 26 -1.861123e-42
61 27 -5.146167e-43
61 28 -1.355707e-43
61 29 -3.402713e-44
61 30 -8.137034e-45
61 31 -1.853926e-45
61 32 -4.024467e-46
61 33 -8.323733e-47
61 34 -1.640310e-47
61 35 -3.079895e-48
61 36 -5.510008e-49
61 37 -9.392448e-50
61 38 -1.525526e-50
61 39 -2.360907e-51
61 40 -3.481449e-52
61 41 -4.891781e-53
61 42 -6.549427e-54
61 43 -8.355498e-55
61 44 -1.015728e-55
61 45 -1.176580e-56
61 46 -1.298696e-57
61 47 -1.365960e-58
61 48 -1.369039e-59
61 49 -1.307503e-60
61 50 -1.189929e-61
61 51 -1.031934e-62
61 52 -8.527813e-64
61 53 -6.715507e-65
61 54 -5.039371e-66
61 55 -3.603553e-67
61 56 -2.455517e-68
61 57 -1.594455e-69
61 58 -9.865940e-71
61 59 -5.817297e-72
61 60 -3.268583e-73
61 61 -1.750057e-74
61 62 -8.928894e-76
61 63 1.484967e+04
61 64 -0.000000e+00

62 0 -0.000000e+00
62 1 -3.607504e+03
62 2 -1.178618e-36
62 3 -1.043849e-36
62 4 -8.806608e-37
62 5 -7.077610e-37
62 6 -5.418417e-37
62 7 -3.951547e-37
62 8 -2.745186e-37
62 9 -1.816719e-37
62 10 -1.145293e-37
62 11 -6.877966e-38
62 12 -3.934774e-38
62 13 -2.144362e-38
62 14 -1.113261e-38
62 15 -5.505776e-39
62 16 -2.593975e-39
62 17 -1.164236e-39
62 18 -4.977913e-40
62 19 -2.027624e-40
62 20 -7.868004e-41
62 21 -2.908586e-41
62 22 -1.024337e-41
62 23 -3.436774e-42
62 24 -1.098525e-42
62 25 -3.345208e-43
62 26 -9.704979e-44
62 27 -2.682429e-44
62 28 -7.063633e-45
62 29 -1.772141e-45
62 30 -4.235871e-46
62 31 -9.646409e-47
62 32 -2.093010e-47
62 33 -4.326773e-48
62 34 -8.522127e-49
62 35 -1.599291e-49
62 36 -2.859608e-50
62 37 -4.871799e-51
62 38 -7.908249e-52
62 39 -1.223160e-52
62 40 -1.802613e-53
62 41 -2.531287e-54
62 42 -3.386914e-55
62 43 -4.318116e-56
62 44 -5.245844e-57
62 45 -6.072544e-58
62 46 -6.698281e-59
62 47 -7.040385e-60
62 48 -7.051356e-61
62 49 -6.729681e-62
62 50 -6.120183e-63
62 51 -5.303766e-64
62 52 -4.379819e-65
62 53 -3.446525e-66
62 54 -2.584410e-67
62 55 -1.846703e-68
62 56 -1.257445e-69
62 57 -8.159013e-71
62 58 -5.044792e-72
62 59 -2.972388e-73
62 60 -1.668875e-74
62 61 -8.928894e-76
62 62 -4.552246e-77
62 63 1.536050e+04
62 64 -0.000000e+00

63 0 -0.000000e+00
63 1 -7.935938e+03
63 2 -4.072004e+03
63 3 -4.042020e+03
63 4 -4.000062e+03
63 5 -3.946153e+03
63 6 -3.880316e+03
63 7 -3.802586e+03
63 8 -3.713000e+03
63 9 -3.611602e+03
63 10 -3.498441e+03
63 11 -3.373574e+03
63 12 -3.237062e+03
63 13 -3.088973e+03
63 14 -2.929379e+03
63 15 -2.758360e+03
63 16 -2.576000e+03
63 17 -2.382391e+03
63 18 -2.177629e+03
63 19 -1.961817e+03
63 20 -1.735062e+03
63 21 -1.497481e+03
63 22 -1.249191e+03
63 23 -9.903206e+02
63 24 -7.210000e+02
63 25 -4.413674e+02
63 26 -1.515664e+02
63 27 1.482537e+02
63 28 4.579375e+02
63 29 7.773240e+02
63 30 1.106246e+03
63 31 1.444531e+03
63 32 1.792000e+03
63 33 2.148469e+03
63 34 2.513746e+03
63 35 2.887636e+03
63 36 3.269938e+03
63 37 3.660441e+03
63 38 4.058934e+03
63 39 4.465195e+03
63 40 4.879000e+03
63 41 5.300117e+03
63 42 5.728309e+03
63 43 6.163332e+03
63 44 6.604938e+03
63 45 7.052871e+03
63 46 7.506871e+03
63 47 7.966672e+03
63 48 8.432000e+03
63 49 8.902578e+03
63 50 9.378121e+03
63 51 9.858340e+03
63 52 1.034294e+04
63 53 1.083161e+04
63 54 1.132406e+04
63 55 1.181996e+04
63 56 1.231900e+04
63 57 1.282085e+04
63 58 1.332518e+04
63 59 1.383166e+04
63 60 1.433994e+04
63 61 1.484967e+04
63 62 1.536050e+04
63 63 3.174412e+04
63 64 -0.000000e+00

64 0 -0.000000e+00
64 1 -0.000000e+00
64 2 -0.000000e+00
64 3 -0.000000e+00
64 4 -0.000000e+00
64 5 -0.000000e+00
64 6 -0.000000e+00
64 7 -0.000000e+00
64 8 -0.000000e+00
64 9 -0.000000e+00
64 10 -0.000000e+00
64 11 -0.000000e+00
64 12 -0.000000e+00
64 13 -0.000000e+00
64 14 -0.000000e+00
64 15 -0.000000e+00
64 16 -0.000000e+00
64 17 -0.000000e+00
64 18 -0.000000e+00
64 19 -0.000000e+00
64 20 -0.000000e+00
64 21 -0.000000e+00
64 22 -0.000000e+00
64 23 -0.000000e+00
64 24 -0.000000e+00
64 25 -0.000000e+00
64 26 -0.000000e+00
64 27 -0.000000e+00
64 28 -0.000000e+00
64 29 -0.000000e+00
64 30 -0.000000e+00
64 31 -0.000000e+00
64 32 -0.000000e+00
64 33 -0.000000e+00
64 34 -0.000000e+00
64 35 -0.000000e+00
64 36 -0.000000e+00
64 37 -0.000000e+00
64 38 -0.000000e+00
64 39 -0.000000e+00
64 40 -0.000000e+00
64 41 -0.000000e+00
64 42 -0.000000e+00
64 43 -0.000000e+00
64 44 -0.000000e+00
64 45 -0.000000e+00
64 46 -0.000000e+00
64 47 -0.000000e+00
64 48 -0.000000e+00
64 49 -0.000000e+00
64 50 -0.000000e+00
64 51 -0.000000e+00
64 52 -0.000000e+00
64 53 -0.000000e+00
64 54 -0.000000e+00
64 55 -0.000000e+00
64 56 -0.000000e+00
64 57 -0.000000e+00
64 58 -0.000000e+00
64 59 -0.000000e+00
64 60 -0.000000e+00
64 61 -0.000000e+00
64 62 -0.000000e+00
64 63 -0.000000e+00
64 64 -0.000000e+00

